	0.88545775
	0.7236174
	0.7094276
	0.69364333
	0.6818927
	0.6738978
	0.66731375
	0.6618362
	0.65719944
	0.6527542
	0.6479374
	0.6422674
	0.63532645
	0.6268032
	0.6164899
	0.6043378
	0.5908881
	0.5775486
	0.56536657
	0.55429506
	0.54396355
	0.5341839
	0.5248907
	0.5160118
	0.5074785
	0.49928153
	0.49146673
	0.48411557
	0.47731107
	0.47112152
	0.4655935
	0.46073443
	0.4565053
	0.45282066
	0.4495617
	0.44661003
	0.44387636
	0.44131404
	0.43891016
	0.43666774
	0.43460408
	0.43273404
	0.43106437
	0.4295938
	0.4283013
	0.42715004
	0.42609686
	0.42509764
	0.42413005
	0.42318478
	0.42225865
	0.42135948
	0.42048818
	0.41964662
	0.41883656
	0.41805664
	0.4173059
	0.41658354
	0.4158876
	0.41521275
	0.41456002
	0.41392633
	0.41330796
	0.41270208
	0.41210717
	0.41152263
	0.41094598
	0.4103766
	0.4098143
	0.40925688
	0.40870783
	0.40816274
	0.40762532
	0.4070964
	0.40657336
	0.40605855
	0.40555286
	0.4050565
	0.40457022
	0.4040931
	0.40362722
	0.40317076
	0.40272534
	0.40229148
	0.40186715
	0.40145293
	0.4010508
	0.40066013
	0.40028054
	0.39991432
	0.3995604
	0.39922085
	0.3988955
	0.39858392
	0.39828727
	0.398004
	0.39773384
	0.39747784
	0.3972338
	0.39700037
	0.3967771
	0.39656323
	0.3963564
	0.39615548
	0.3959604
	0.3957687
	0.39558107
	0.39539543
	0.39521068
	0.39502785
	0.39484584
	0.39466456
	0.3944848
	0.3943038
	0.3941251
	0.39394733
	0.3937695
	0.3935949
	0.39341912
	0.3932448
	0.3930732
	0.39290142
	0.39273003
	0.3925607
	0.3923912
	0.3922226
	0.3920548
	0.39188778
	0.39172098
	0.39155576
	0.3913912
	0.39122713
	0.39106455
	0.39090425
	0.39074525
	0.39058793
	0.39043275
	0.39028168
	0.39013258
	0.38998577
	0.38984388
	0.38970402
	0.38956827
	0.38943592
	0.3893056
	0.38918057
	0.389058
	0.3889371
	0.38881907
	0.3887032
	0.3885891
	0.38847607
	0.38836434
	0.38825333
	0.38814265
	0.38803113
	0.387919
	0.387805
	0.38769135
	0.38757256
	0.38745347
	0.38733056
	0.38720623
	0.38707656
	0.3869449
	0.38681105
	0.3866745
	0.38653556
	0.38639325
	0.38625193
	0.38610974
	0.38596815
	0.38582912
	0.3856916
	0.3855594
	0.38543034
	0.38530597
	0.38518682
	0.38507333
	0.38496262
	0.38485736
	0.38475534
	0.38465545
	0.3845584
	0.38446298
	0.3843692
	0.38427556
	0.38418397
	0.3840909
	0.38399902
	0.38390753
	0.3838144
	0.38372153
	0.38362777
	0.3835328
	0.3834371
	0.3833415
	0.38324368
	0.38314384
	0.3830446
	0.38294277
	0.38283932
	0.3827357
	0.38263124
	0.3825257
	0.38241822
	0.38230965
	0.3822016
	0.38209137
	0.38198242
	0.38187185
	0.38176075
	0.38164872
	0.38153723
	0.3814236
	0.38131124
	0.38119736
	0.38108313
	0.38096753
	0.38085192
	0.38073587
	0.380619
	0.3805015
	0.3803839
	0.38026565
	0.38014832
	0.38002908
	0.37991273
	0.37979397
	0.37967804
	0.37956315
	0.37944958
	0.37933725
	0.3792237
	0.37910172
	0.3789471
	0.37872544
	0.37847108
	0.3783755
	0.37837318
	0.37832582
	0.3782279
	0.37811825
	0.37802434
	0.37793994
	0.3778645
	0.37781388
	0.37777904
	0.37769866
	0.37754312
	0.37731987
	0.37706262
	0.37681264
	0.37658742
	0.37639958
	0.37625033
	0.37613022
	0.3760232
	0.37591875
	0.37581334
	0.37570474
	0.37559548
	0.37548488
	0.37537527
	0.37526467
	0.3751546
	0.37504503
	0.37493715
	0.37482953
	0.37472174
	0.37461433
	0.37450796
	0.3744034
	0.37429717
	0.37419182
	0.37408778
	0.3739841
	0.37388128
	0.37377846
	0.3736772
	0.37357655
	0.37347722
	0.37337902
	0.37328094
	0.37318465
	0.37308937
	0.37299505
	0.3729021
	0.37280872
	0.3727168
	0.3726238
	0.37253135
	0.37243783
	0.37234354
	0.37224683
	0.3721473
	0.3720438
	0.37193698
	0.37182292
	0.37170345
	0.3715736
	0.37143618
	0.37128973
	0.37113503
	0.37097386
	0.37080675
	0.37062654
	0.37040564
	0.37012511
	0.36981842
	0.36960018
	0.37017983
	0.3699602
	0.37000927
	0.3730344
	0.37369624
	0.37000924
	0.37131733
	0.3674368
	0.36907968
	0.37341475
	0.37059093
	0.36826187
	0.36851588
	0.36807054
	0.36840492
	0.367842
	0.3670231
	0.37109473
	0.37269342
	0.36802626
	0.367508
	0.37318486
	0.36477235
	0.3710072
	0.37142098
	0.36979076
	0.37126696
	0.3711981
	0.36954015
	0.36839664
	0.36964613
	0.37156087
	0.36767682
	0.36738697
	0.36877856
	0.36600122
	0.36598393
	0.37133
	0.37101084
	0.36587834
	0.3676429
	0.37130067
	0.365649
	0.36897632
	0.36589047
	0.37107587
	0.3714268
	0.36635092
	0.36995685
	0.36796865
	0.3688819
	0.36754522
	0.36363164
	0.36793706
	0.3683961
	0.3647725
	0.365823
	0.37005597
	0.36131296
	0.36363003
	0.3663958
	0.36762926
	0.3708052
	0.37016976
	0.36386648
	0.37186334
	0.37128204
	0.3704752
	0.3702017
	0.37056354
	0.36457548
	0.3629796
	0.37018582
	0.3691364
	0.3685168
	0.3684846
	0.367529
	0.36695167
	0.3662044
	0.36549136
	0.36473334
	0.36385223
	0.36272556
	0.36163148
	0.36084998
	0.3600976
	0.3594529
	0.35888758
	0.3583332
	0.3577563
	0.35727093
	0.35719815
	0.35628647
	0.36609483
	0.34647745
	0.36130998
	0.3501253
	0.35192832
	0.35015437
	0.3554911
	0.3575645
	0.34758827
	0.3634875
	0.35125098
	0.35625947
	0.34969583
	0.34799394
	0.3493873
	0.35147312
	0.34734765
	0.35300967
	0.34921408
	0.36409235
	0.34747362
	0.34821096
	0.34853318
	0.34702626
	0.34815872
	0.34925514
	0.34931973
	0.3494446
	0.34962896
	0.3413839
	0.35187668
	0.34631026
	0.34481966
	0.34102598
	0.3473844
	0.34175
	0.34869188
	0.35184252
	0.3409064
	0.34035116
	0.34571677
	0.34052294
	0.34516618
	0.3497735
	0.34968385
	0.33574256
	0.34615028
	0.331555
	0.34258607
	0.3386951
	0.33052486
	0.3383197
	0.33980277
	0.34406528
	0.3455055
	0.3409285
	0.346581
	0.34205335
	0.3399874
	0.34403247
	0.34019962
	0.34267864
	0.33814308
	0.34359002
	0.33847186
	0.33791792
	0.33794895
	0.33724475
	0.33791494
	0.33987623
	0.33376488
	0.3348795
	0.33404464
	0.33581918
	0.3338946
	0.33219996
	0.33301184
	0.33422676
	0.32608628
	0.32663617
	0.32667464
	0.3259382
	0.3247775
	0.3342365
	0.33642304
	0.33126432
	0.33413187
	0.33218506
	0.33068717
	0.33278567
	0.33154577
	0.33130032
	0.33077574
	0.33001927
	0.32360858
	0.32176602
	0.33619425
	0.32683483
	0.32457826
	0.3303747
	0.32426527
	0.32407922
	0.32376873
	0.32437232
	0.3223759
	0.3265188
	0.32642987
	0.32527357
	0.32305288
	0.31935188
	0.32644883
	0.3223441
	0.3225075
	0.32204798
	0.32200247
	0.32193702
	0.32186434
	0.32168776
	0.32143015
	0.32112026
	0.3207585
	0.32030076
	0.31941622
	0.31955394
	0.32570317
	0.323821
	0.32044876
	0.32385427
	0.32183918
	0.32820812
	0.3196916
	0.3219906
	0.318352
	0.31771818
	0.32156304
	0.31802115
	0.3191342
	0.31878415
	0.3218257
	0.32489395
	0.31793192
	0.3161849
	0.3164795
	0.3169761
	0.31480777
	0.3182026
	0.31718835
	0.31437266
	0.32072085
	0.3155378
	0.31553808
	0.31723124
	0.3183348
	0.31520918
	0.32196096
	0.31374106
	0.30803096
	0.31601533
	0.31308392
	0.31579706
	0.3261817
	0.3143081
	0.31474704
	0.31989866
	0.30926794
	0.31486678
	0.31364915
	0.31590813
	0.3141943
	0.31715354
	0.314911
	0.31778276
	0.31907102
	0.3174475
	0.30791673
	0.31266963
	0.30998385
	0.32883102
	0.31388524
	0.3082036
	0.31282473
	0.30875254
	0.31011015
	0.3211809
	0.32475424
	0.31297716
	0.3151796
	0.31564912
	0.3165278
	0.31660527
	0.31691158
	0.31513083
	0.31536177
	0.30923426
	0.31578875
	0.31317154
	0.31323373
	0.31334186
	0.31405327
	0.31292236
	0.31392592
	0.31036857
	0.3153627
	0.31491596
	0.31465134
	0.31416336
	0.31261852
	0.31373176
	0.31237352
	0.31357986
	0.31166002
	0.31487787
	0.31522372
	0.31487888
	0.31425232
	0.31300852
	0.31341588
	0.31288382
	0.30851385
	0.30801815
	0.31207657
	0.31523848
	0.31437606
	0.3086099
	0.3064335
	0.3150797
	0.30966368
	0.31107575
	0.31454074
	0.3133679
	0.30854842
	0.3084847
	0.3138202
	0.3131032
	0.3034872
	0.3100295
	0.310675
	0.31088892
	0.30554557
	0.30624875
	0.3041628
	0.30343762
	0.30089718
	0.30520117
	0.3118747
	0.30994335
	0.31229442
	0.30929393
	0.30892998
	0.3084447
	0.30612835
	0.30954581
	0.3076666
	0.30838698
	0.32053035
	0.31200337
	0.31455034
	0.31137344
	0.30924663
	0.31115556
	0.31390998
	0.3100044
	0.3051272
	0.31684357
	0.31397521
	0.3099069
	0.3047557
	0.30459204
	0.30369073
	0.3151713
	0.3041841
	0.30198187
	0.32152364
	0.31106144
	0.30188784
	0.30368719
	0.30348292
	0.29944164
	0.31439093
	0.3137086
	0.3108462
	0.3058146
	0.31111917
	0.3076972
	0.2991257
	0.30737835
	0.30520466
	0.3100875
	0.3070535
	0.30694905
	0.29779875
	0.30352536
	0.31288132
	0.31362712
	0.30494103
	0.29666814
	0.28062508
	0.26921052
	0.26931563
	0.26932812
	0.26929414
	0.26924038
	0.2691817
	0.2691235
	0.26906815
	0.26901758
	0.26897082
	0.2689278
	0.2688884
	0.26885188
	0.26881915
	0.26878953
	0.2687641
	0.2687423
	0.26872513
	0.26871252
	0.26870507
	0.2687048
	0.26870954
	0.2687206
	0.26873603
	0.2687552
	0.26877648
	0.2687997
	0.26882333
	0.26884678
	0.2688698
	0.26889166
	0.2689116
	0.2689297
	0.26894665
	0.26896185
	0.2689758
	0.268988
	0.26899934
	0.2690098
	0.26901972
	0.26903033
	0.26904166
	0.26905394
	0.2690677
	0.2690819
	0.26909748
	0.26911467
	0.26913247
	0.26915047
	0.2691692
	0.26918834
	0.26920888
	0.2692307
	0.26925486
	0.26928172
	0.26931342
	0.269349
	0.26938933
	0.26943234
	0.26947775
	0.26952243
	0.26956555
	0.2696058
	0.26964113
	0.26967213
	0.26969725
	0.26971668
	0.26973194
	0.2697416
	0.26974633
	0.26974627
	0.26974225
	0.2697345
	0.2697231
	0.2697084
	0.26969162
	0.2696707
	0.26964733
	0.2696218
	0.2695927
	0.26956102
	0.26952642
	0.2694885
	0.26944727
	0.26940206
	0.2693525
	0.2692991
	0.26923916
	0.2691724
	0.26909924
	0.2690175
	0.26892832
	0.26883328
	0.26873633
	0.26863897
	0.26854458
	0.26844972
	0.26835573
	0.2682546
	0.26815152
	0.26802447
	0.26790476
	0.26769888
	0.2676946
	0.266954
	0.26840156
	0.26637948
	0.26730242
	0.2660299
	0.26678255
	0.26649177
	0.26532796
	0.26669258
	0.26508242
	0.26653385
	0.2663797
	0.26556423
	0.26475197
	0.26485896
	0.26578572
	0.26606393
	0.26701015
	0.26647112
	0.26519907
	0.26469937
	0.26703882
	0.2661826
	0.26448607
	0.26523784
	0.2653153
	0.26538146
	0.26596022
	0.26592314
	0.2666209
	0.2659911
	0.26642948
	0.26599735
	0.26636916
	0.26590642
	0.26640597
	0.26588523
	0.26640004
	0.26583922
	0.2663794
	0.26579455
	0.26632503
	0.26574203
	0.26622024
	0.2657052
	0.2661155
	0.26575515
	0.26612133
	0.26572588
	0.26605785
	0.26579225
	0.26605466
	0.26576355
	0.26601443
	0.26578882
	0.2659757
	0.2658027
	0.26592585
	0.26581532
	0.2658662
	0.26581058
	0.2658096
	0.26578036
	0.26575872
	0.2657313
	0.2657005
	0.2656671
	0.26563066
	0.2655938
	0.26555803
	0.26552314
	0.26548937
	0.2654555
	0.26542026
	0.2653816
	0.2653305
	0.26529318
	0.266155
	0.26535904
	0.26533636
	0.265623
	0.2653887
	0.265441
	0.26537564
	0.2654129
	0.2653547
	0.265351
	0.26531997
	0.26527643
	0.2652825
	0.2651938
	0.26524222
	0.2651115
	0.26519766
	0.26504126
	0.26515064
	0.26499242
	0.26510733
	0.2649627
	0.26507106
	0.26493257
	0.2650357
	0.26487857
	0.26499787
	0.26482368
	0.2649638
	0.2648124
	0.2649196
	0.26483366
	0.26483145
	0.26476154
	0.26470244
	0.2646316
	0.26456368
	0.264502
	0.26444116
	0.26437917
	0.26431754
	0.26425862
	0.26420292
	0.2641537
	0.26411057
	0.26407263
	0.2640394
	0.26400623
	0.26396984
	0.2639249
	0.26386476
	0.26378408
	0.2636813
	0.2635611
	0.26343408
	0.26330638
	0.26317522
	0.26303068
	0.26285225
	0.26261917
	0.26235408
	0.26218984
	0.26218405
	0.26217955
	0.26214024
	0.26208484
	0.26202086
	0.26194963
	0.26187304
	0.2617921
	0.26170704
	0.2616183
	0.2615262
	0.26142958
	0.26132804
	0.26122206
	0.26110828
	0.26098543
	0.26085073
	0.26070362
	0.26054645
	0.26039654
	0.26028973
	0.26015157
	0.26057884
	0.25991318
	0.26119477
	0.2595214
	0.26190355
	0.2609482
	0.2640041
	0.260013
	0.25952685
	0.26094872
	0.2588514
	0.26149726
	0.2585422
	0.26239282
	0.2624763
	0.26027977
	0.2601734
	0.2593664
	0.25958693
	0.2609846
	0.25756565
	0.25792706
	0.26240048
	0.26573452
	0.25930703
	0.26577112
	0.26566574
	0.26046503
	0.25830722
	0.26465067
	0.26131326
	0.26743978
	0.25926968
	0.25821722
	0.26472104
	0.26008597
	0.2669564
	0.25892898
	0.2575261
	0.26513442
	0.258666
	0.2645326
	0.25510585
	0.26433888
	0.25835666
	0.26260674
	0.26080748
	0.2576339
	0.26533964
	0.25481758
	0.26315722
	0.25939998
	0.2583028
	0.26286393
	0.2573849
	0.26055875
	0.26589105
	0.2607736
	0.25986782
	0.25935104
	0.2593955
	0.26003462
	0.25686044
	0.259543
	0.25852105
	0.25863522
	0.25778893
	0.25433978
	0.25944826
	0.25738275
	0.25595948
	0.25838637
	0.25769895
	0.2591897
	0.2567396
	0.25512156
	0.25626493
	0.25774613
	0.25605854
	0.25882193
	0.25760272
	0.257281
	0.25730145
	0.25737137
	0.25738648
	0.2571792
	0.25712088
	0.2572084
	0.2571436
	0.25386822
	0.25801918
	0.2572703
	0.2573346
	0.26344272
	0.25249776
	0.25206643
	0.25189564
	0.25151208
	0.25187168
	0.25141403
	0.2514992
	0.258181
	0.26204577
	0.25656062
	0.25129947
	0.25159895
	0.25908282
	0.25595456
	0.25106016
	0.26039627
	0.25638342
	0.25519297
	0.2554225
	0.2569705
	0.25956365
	0.25597915
	0.25730798
	0.2557559
	0.25635967
	0.2559186
	0.25693455
	0.2531919
	0.25404277
	0.2560263
	0.24822791
	0.25091934
	0.2523668
	0.25474977
	0.25280717
	0.2482253
	0.2519705
	0.25203294
	0.2541103
	0.2512331
	0.2481351
	0.25375932
	0.24850823
	0.2528953
	0.24869822
	0.25215068
	0.2486915
	0.25093985
	0.25184518
	0.24968936
	0.24996988
	0.25379324
	0.25225282
	0.2535669
	0.25182104
	0.2513991
	0.2507505
	0.24731356
	0.25122014
	0.24976645
	0.24657546
	0.25066075
	0.24774864
	0.24607539
	0.24637145
	0.24688809
	0.24539343
	0.24386865
	0.24458045
	0.24601063
	0.24690442
	0.24537867
	0.24519862
	0.24453211
	0.2457123
	0.24046704
	0.24346621
	0.24291973
	0.24047118
	0.24371743
	0.23992926
	0.24339195
	0.23936456
	0.24118045
	0.24000084
	0.2389241
	0.23892751
	0.24297442
	0.24140914
	0.23822421
	0.24023579
	0.24008106
	0.23964503
	0.2378349
	0.23930123
	0.23912229
	0.23824708
	0.23731638
	0.23656893
	0.23586126
	0.23525055
	0.23447034
	0.23422049
	0.23287123
	0.23129806
	0.22647783
	0.2318087
	0.23177597
	0.23217137
	0.23160861
	0.22893545
	0.23104896
	0.22885276
	0.2243949
	0.22904354
	0.21813717
	0.22797062
	0.22972557
	0.22516654
	0.22426972
	0.22902152
	0.2195636
	0.2296844
	0.2277516
	0.22809225
	0.22572426
	0.2258506
	0.22635901
	0.22813493
	0.22891374
	0.22532022
	0.23148164
	0.22889398
	0.22901072
	0.22937724
	0.228318
	0.22899547
	0.2271761
	0.22678418
	0.23001581
	0.23062585
	0.2300284
	0.22989996
	0.22757098
	0.22865106
	0.2283014
	0.22740029
	0.22599584
	0.22454686
	0.22556329
	0.22806086
	0.22896837
	0.22597238
	0.22578347
	0.2255492
	0.22465965
	0.22636046
	0.2243364
	0.2235804
	0.22303897
	0.22282454
	0.2226366
	0.22263852
	0.22281982
	0.2224307
	0.22293505
	0.22260953
	0.2223782
	0.22167715
	0.22137833
	0.22089459
	0.22040652
	0.21997331
	0.21958168
	0.21916907
	0.21872921
	0.21828216
	0.21783769
	0.21742
	0.21710037
	0.21741188
	0.21837777
	0.21837912
	0.21866676
	0.2182515
	0.21778436
	0.21721047
	0.21594559
	0.21709733
	0.21568654
	0.21681164
	0.21476282
	0.21652147
	0.21445413
	0.21595405
	0.21375443
	0.21514519
	0.21335149
	0.21441384
	0.21293198
	0.21354936
	0.21268639
	0.21287504
	0.2126202
	0.21256848
	0.21246566
	0.21231763
	0.21213287
	0.21199062
	0.2118989
	0.21189402
	0.21186067
	0.21185407
	0.2117075
	0.2115373
	0.21131214
	0.21106774
	0.21080613
	0.21052706
	0.21021971
	0.20987803
	0.20948844
	0.20904341
	0.20858644
	0.20827721
	0.20822948
	0.20775433
	0.20848352
	0.20871815
	0.2080013
	0.20443289
	0.20879917
	0.2079859
	0.20992802
	0.20761393
	0.20785037
	0.20361924
	0.20426172
	0.20147166
	0.20314755
	0.20683266
	0.20403604
	0.20465256
	0.20974272
	0.20394707
	0.20901032
	0.20322825
	0.20625618
	0.19940358
	0.20453463
	0.19977635
	0.19988072
	0.20024246
	0.19889833
	0.19974205
	0.20186222
	0.19755402
	0.20143951
	0.20041199
	0.19520244
	0.19573803
	0.19495264
	0.20260267
	0.19393168
	0.19374418
	0.19486874
	0.1930334
	0.19283764
	0.19285426
	0.1873437
	0.19234668
	0.19080383
	0.1896967
	0.18845055
	0.19212957
	0.18972607
	0.18926911
	0.19069871
	0.19474743
	0.19800402
	0.19728445
	0.19239873
	0.19096018
	0.18233009
	0.18487659
	0.19285154
	0.18404828
	0.18811062
	0.18554556
	0.18527128
	0.19477549
	0.19165464
	0.18371755
	0.18997891
	0.18449256
	0.19472325
	0.19221441
	0.18855171
	0.18832375
	0.19585243
	0.19081277
	0.1905257
	0.19472082
	0.17829697
	0.18857972
	0.19068378
	0.18813524
	0.18185484
	0.18712819
	0.19031094
	0.19114277
	0.18685383
	0.18931462
	0.19276641
	0.19497275
	0.18539119
	0.19246347
	0.18468647
	0.19366194
	0.18918887
	0.1830989
	0.1858697
	0.18691352
	0.18855622
	0.18878728
	0.18211612
	0.19391753
	0.18507576
	0.18617739
	0.18884292
	0.18983899
	0.18719816
	0.18180612
	0.19328155
	0.18253653
	0.18637367
	0.18130371
	0.18387353
	0.18442033
	0.18963076
	0.18934375
	0.18629918
	0.18412504
	0.18789531
	0.1839138
	0.18610889
	0.18350455
	0.18967386
	0.18631339
	0.18955077
	0.18750508
	0.18431093
	0.18117116
	0.18433134
	0.18117486
	0.18865643
	0.18484856
	0.1811056
	0.18352324
	0.1840265
	0.18574539
	0.18419914
	0.18347839
	0.18126795
	0.18851785
	0.18393451
	0.18679968
	0.18702203
	0.18500479
	0.1835527
	0.18625647
	0.18746781
	0.18266208
	0.18676339
	0.18757811
	0.18442826
	0.18265064
	0.18528938
	0.17935246
	0.18620029
	0.18503107
	0.18514186
	0.1815208
	0.18432832
	0.18853456
	0.19298175
	0.17843106
	0.18439658
	0.18532695
	0.18095012
	0.18020375
	0.18495572
	0.1831592
	0.184957
	0.18608885
	0.18544129
	0.18041565
	0.18442999
	0.18179664
	0.18082342
	0.17876634
	0.18287
	0.18248719
	0.18501098
	0.1951682
	0.182372
	0.1874251
	0.18088108
	0.18145336
	0.17657071
	0.18156604
	0.17729177
	0.17968784
	0.18341458
	0.18886095
	0.19058537
	0.18237895
	0.1834052
	0.18171418
	0.17951098
	0.18039767
	0.1873749
	0.17692232
	0.18146557
	0.1825502
	0.18334897
	0.18380508
	0.18742113
	0.18281178
	0.18104264
	0.18442053
	0.18477036
	0.17652972
	0.18531455
	0.18685764
	0.19164002
	0.18172525
	0.18696153
	0.1851299
	0.18082744
