0.4405265,-0.29381573,2
0.7792419,0.42267334,1
-0.09098852,0.67266667,1
0.22034657,0.5281887,2
-0.6815213,0.4071952,2
-0.49794602,-0.19398773,1
0.25187302,0.10815716,3
0.39031708,0.69903636,2
-0.23672771,0.39356434,1
-0.04743266,-0.22418106,4
-0.0018587112,-0.12127757,4
-0.9552928,0.995625,4
-0.24151802,-0.8689587,4
-0.86334753,0.49403214,2
0.9921911,-0.13144398,3
0.3364005,0.29305804,2
-0.9616418,-0.055271983,4
0.18421257,-0.113566995,3
-0.081745386,0.5349996,1
-0.6003436,-0.06574762,2
0.6835722,0.7545154,1
0.38626873,-0.54344976,2
-0.49147403,-0.15820038,1
-0.67594445,0.73337114,2
-0.9385539,-0.9033829,4
-0.7172165,0.5469327,2
0.9663862,0.42465818,3
0.42408633,-0.95701444,3
-0.35069752,-0.0138088465,4
-0.73582757,0.1032691,4
-0.6290773,-0.15417242,2
0.65892565,-0.87498116,1
0.12527204,-0.64231396,2
-0.051714778,-0.93089736,4
0.70587146,-0.6176084,1
-0.862954,-0.2059617,4
0.5191004,-0.68631816,1
-0.54403687,0.42365062,2
-0.4044392,-0.3067367,1
-0.21714449,0.8424792,1
-0.81380105,0.219643,2
0.6321093,-0.42748928,1
0.83239233,0.9228232,3
-0.55233705,-0.889104,2
0.90138805,0.8011366,3
0.24553621,-0.68920755,2
-0.6551552,0.32451022,2
0.01482904,-0.76764166,3
-0.5355172,0.83171415,2
0.24968207,0.90048754,3
0.38194072,0.32556856,2
-0.62094843,0.05861771,4
-0.1319251,-0.2562101,1
0.29761684,-0.06134951,3
0.3795699,0.104545474,2
-0.4276967,0.56669223,1
0.2985692,0.551496,2
-0.12141335,0.6402316,1
-0.7739856,0.21602488,2
-0.23597515,0.6480292,1
0.024734259,-0.15636957,3
0.6796731,0.919168,3
0.45847535,0.57247114,2
-0.61924994,0.59842193,2
-0.42627025,-0.7135438,1
-0.9250287,-0.7763965,4
-0.70064473,-0.81904936,2
0.17041957,0.35537148,2
0.5027784,0.07025099,1
-0.9939779,0.46587515,4
-0.6195024,0.43288732,2
-0.32078183,-0.42939568,1
-0.45464826,-0.95985293,4
0.941056,0.58517003,3
-0.4944533,-0.54210186,1
0.31384814,0.458964,2
-0.056058645,-0.12905931,4
-0.9130589,-0.70948076,4
-0.13496327,-0.9218507,4
-0.07027149,-0.9690794,4
-0.6228062,0.577193,2
0.5765505,0.35406363,1
0.7457768,0.2375598,1
-0.2843095,0.7944486,1
-0.9526149,-0.10591698,4
0.9655951,0.45929182,3
-0.0344522,-0.5694293,4
-0.9616852,0.30304503,4
0.21492016,-0.37888515,2
0.046795726,-0.9437847,3
0.016085386,-0.38190627,3
0.86413705,0.030174017,3
0.7497399,-0.11007762,3
0.7255951,0.93521094,3
0.21177006,0.39363492,2
-0.60447717,0.9664364,4
-0.88477445,-0.50094616,2
-0.49955845,0.30352855,1
-0.9815959,0.75048816,4
-0.36390376,-0.93571484,4
0.6083919,-0.047238827,3
-0.04800105,0.033224702,4
-0.8240942,-0.2987213,2
0.7441789,0.19611514,1
0.65086293,-0.35254228,1
0.5694734,0.44655228,1
-0.76929736,0.21402872,2
-0.7622216,-0.35492122,2
0.45832956,-0.23134995,2
-0.77143395,0.5145961,2
-0.34193707,0.45430934,1
0.38224244,0.31398833,2
-0.4881122,-0.10720968,1
0.6843991,0.6672183,1
-0.118445754,-0.83906925,4
0.42176962,0.81618774,2
0.9128636,-0.96736646,3
0.5540805,0.54713297,1
0.18627179,-0.8669826,3
0.7085538,0.40328467,1
-0.07656956,0.9213295,4
-0.5625895,0.98820484,4
-0.22556686,0.26919925,1
-0.76159346,0.28815782,2
0.7785299,0.6996143,1
0.06055343,-0.742175,3
-0.9736104,-0.62495065,4
-0.38070977,0.33766246,1
0.20030892,-0.14788711,3
0.6263305,0.17548728,1
0.40705478,0.04277897,3
0.07926607,0.3379779,3
-0.045509815,-0.76710236,4
0.916118,-0.8955493,3
0.39720666,0.30760086,2
-0.23705828,0.076553345,4
-0.7412045,0.32709682,2
0.112158895,0.0106419325,3
0.33107364,0.4980563,2
0.2705816,0.33812678,2
0.8867432,0.5144795,1
0.7954298,0.7927165,1
-0.913937,0.7229935,4
-0.8383796,-0.42169666,2
0.40584922,-0.96741056,3
0.12302923,0.90946126,3
-0.80255044,0.77577746,2
0.97439826,0.5166998,3
0.14745605,0.5811399,2
0.8003831,0.9654901,3
0.16029167,0.8866987,3
0.20651531,-0.81732583,2
0.22612607,-0.93398035,3
-0.86261034,0.36344612,2
0.43279505,-0.2825569,2
-0.34471965,0.050176024,4
0.20973146,0.85040474,3
-0.7860414,-0.60930777,2
0.96979976,0.26687002,3
0.53530574,0.81426847,1
0.88708055,-0.9378927,3
0.9792197,0.1807369,3
-0.007982731,0.9452437,4
-0.1296171,-0.90960956,4
-0.011878014,4.3797493E-4,4
-0.029986858,0.8744067,4
-0.8639014,-0.025553823,4
-0.2006563,0.85843885,4
0.68247056,-0.5075065,1
-0.74190474,-0.9969559,4
-0.8674338,0.4845966,2
0.6406995,0.82727206,1
-0.7847965,-0.8320726,2
0.22182357,-0.37422645,2
0.7230979,-0.7971114,1
0.82842064,0.0612458,3
0.13457763,0.052896738,3
-0.21308446,-0.9248555,4
-0.3443985,-0.53165066,1
0.16130054,0.18891191,3
0.22452068,-0.3719747,2
-0.10780132,0.30022717,1
-0.715026,-0.54338455,2
0.20092916,0.3050257,2
-0.52454424,0.55185497,2
0.11010313,0.7435008,3
0.55939114,0.9617095,3
-0.8916284,0.2805214,4
-0.789783,0.62040854,2
0.5879711,0.4476403,1
0.9864266,0.85719347,3
-0.2727667,0.611132,1
-0.17247856,0.21511757,1
-0.22491002,0.6605723,1
-0.44974613,0.44696486,1
-0.69913244,0.1638465,2
-0.46633732,-0.51448214,1
-0.23831916,-0.40806043,1
-0.5093647,-0.683648,2
0.85405815,-0.7785891,3
0.90379643,0.8197491,3
-0.52009714,0.17137456,2
-0.6436418,0.0070563555,4
-0.025407434,0.07859671,4
0.14739084,0.77504146,2
0.5032648,0.6687521,1
0.8102287,-0.13511992,3
0.49771357,-0.8900244,2
0.54811656,-0.42799222,1
-0.27034128,0.8588538,1
-0.7103101,0.7470658,2
0.42652,0.7074543,2
0.70665693,-0.49929607,1
-0.15543735,0.047646523,4
0.81657934,-0.07352936,3
-0.68603694,0.7768408,2
-0.064381,0.14305997,4
0.13478506,0.72463644,2
-0.9984983,0.49268126,4
0.28716314,-0.4137746,2
-0.5610682,0.18542278,2
0.95945334,0.8655329,3
0.6027355,0.82557297,1
-0.087649465,0.6749803,4
0.7538198,0.77659535,1
0.9837754,0.98171747,3
-0.123443484,0.3047024,1
-0.8211887,0.2606933,2
0.34164262,-0.11910367,2
-0.85756683,0.8977802,4
-0.60469604,0.31831634,2
-0.9772022,0.122368574,4
-0.81540406,0.882403,4
-0.7767067,-0.06434965,4
0.011476755,-0.15135157,3
0.01744175,0.29174125,3
0.77847254,-0.1843152,1
-0.05155027,0.6936176,4
-0.7894056,-0.56443226,2
0.12228477,0.050572515,3
0.0073816776,0.029972076,3
-0.5215609,0.930799,2
-0.7774867,0.15853107,2
0.7161213,0.7103015,1
-0.9554664,0.8378465,4
0.37680244,0.20238006,2
-0.049659014,-0.5728142,4
-0.47057462,-0.5585487,1
0.6438943,-0.24381971,1
-0.7540121,-0.16178274,2
-0.97195446,0.83385515,4
-0.45228982,0.023697972,4
-0.029277444,0.3161924,4
0.4819237,0.6171607,2
0.13230872,-0.9034662,3
-0.5252484,-0.19646943,2
-0.53529966,-0.8988701,2
-0.10658443,0.06171584,4
-0.94887483,-0.7910911,4
-0.07532132,0.37494218,1
-0.8624244,0.6642219,2
-0.70614874,0.6624336,2
0.9511031,-0.6856868,3
0.15451777,0.53961146,2
-0.82206476,-0.71380186,2
-0.4034773,-0.46131933,1
-0.21262312,-0.46659267,1
0.8538523,-0.04345429,3
0.7689314,0.1508007,1
-0.5687933,-0.9477917,4
-0.13550985,7.814169E-4,4
-0.7241621,0.5571768,2
0.6204883,-0.55164015,1
0.8484694,0.7122046,1
0.18356776,0.7035502,2
-0.17610526,0.28041184,1
0.8757163,-0.83835447,3
-0.71050906,-0.6547209,2
0.40054238,-0.6345836,2
0.10096884,-0.026840448,3
0.7719672,-0.1551522,1
-0.32696557,0.9510952,4
0.97215796,-0.41744244,3
-0.6166562,-0.59463084,2
-0.2798351,-0.42432404,1
0.18750906,-0.07586813,3
-0.6190765,-0.30691075,2
-0.50144935,0.2646315,2
-0.68824863,-0.5577867,2
0.17490971,-0.6056793,2
-0.7928541,-0.5502542,2
-0.8329892,0.72390926,2
0.17078686,-0.57970214,2
0.35473812,0.32407045,2
-0.7443787,0.46580827,2
0.009618998,-0.28302002,3
0.5394511,-0.6961528,1
0.55984414,0.6964575,1
-0.053481102,-0.38279462,4
-0.3714434,-0.5903101,1
-0.9816066,-0.530321,4
0.14244962,-0.360875,2
-0.25555515,0.10909665,4
0.43619835,-0.47886968,2
-0.020919919,-0.30997372,4
-0.74255204,0.65070045,2
-0.47337592,0.7531446,1
0.2370578,-0.8726311,3
0.8234966,0.95008135,3
-0.65860033,-0.7686944,2
-0.5194037,0.15206754,2
-0.039706826,0.37137938,4
-0.5127418,-0.71545327,2
0.27947152,-0.83400023,2
-0.6262307,0.9509603,4
-0.6046263,0.106328964,2
0.36539233,0.016310811,3
-0.011101842,0.46976244,4
0.85163045,0.090256214,3
-0.6989151,-0.08459699,4
-0.8142462,-0.53799415,2
-0.5536312,0.57488596,2
-0.20163083,0.08309829,4
-0.16187191,0.17985582,4
0.2632407,-0.83665216,2
0.54807186,0.7264166,1
-0.26688552,-0.2597252,1
0.9181509,-0.09200323,3
-0.9613199,-0.9902029,4
-0.3850386,-0.25145411,1
-0.28305268,0.4787675,1
-0.23288226,0.8913342,4
0.8394561,0.23722124,1
-0.15786958,-0.64537823,1
0.3103001,0.37535048,2
0.7685157,0.4201162,1
-0.6053431,-0.7811214,2
-0.45998788,0.9957123,4
0.7473066,0.46456766,1
0.48195994,-0.73097765,2
-0.20428085,0.20918763,1
-0.3735485,-0.12257755,1
-0.3168782,0.43080938,1
0.62534857,0.9547769,3
0.31425142,-0.24262094,2
-0.49747694,-0.77807057,1
0.62218225,-0.19290423,1
-0.23620832,0.37096822,1
-0.22807646,-0.62272084,1
-0.8187052,-0.8880327,4
-0.5501684,0.068570375,2
0.46611726,0.82137704,2
0.0030084848,0.24110258,3
-0.66243064,-0.674243,2
-0.6333121,0.59659195,2
0.76983416,0.2016294,1
0.35836935,0.15928173,2
-0.19204104,0.45664442,1
-0.03541529,-0.610291,4
0.93801486,-0.3799938,3
-0.8296144,0.914996,4
0.9944819,0.30847502,3
0.18486822,-0.38931215,2
0.69663215,-0.89823985,1
-0.36848342,-0.8587936,1
-0.38880718,-0.9325031,1
-0.535712,-0.4158436,2
0.4084674,-0.81269944,2
0.63490295,0.3596406,1
0.26219082,-0.92614746,3
-0.49932873,0.69732046,1
-0.03021574,0.21312773,4
0.78361034,-0.45468342,1
-0.54932535,-0.8495158,2
0.76002336,0.80659294,1
-0.3914616,0.85541046,1
-0.004177928,0.63682985,4
0.7925433,-0.60545826,1
-0.90134895,0.21587324,4
-0.78202534,0.11961925,4
-0.08350897,-0.21822667,4
-0.55562925,0.09615064,2
0.6883583,-0.9323977,3
-0.62295985,0.37563872,2
-0.30833507,0.78829765,1
0.054406524,0.021660924,3
-0.19028485,-0.9243928,4
-0.21088195,-0.7336961,1
-0.4300995,0.24796104,1
-0.093412876,0.68326354,1
0.017858028,0.9291458,3
-0.48683262,-0.64168406,1
-0.7341131,0.10165787,4
-0.64863026,0.41412866,2
0.68722796,-0.5895555,1
0.066432595,0.2580111,3
-0.94540024,-0.96044314,4
-0.89647496,-0.922017,4
0.0061089993,-0.7065791,3
-0.7545384,0.58047247,2
-0.839985,-0.94238126,4
0.5358584,-0.9356892,1
0.118783355,0.42916727,2
0.34225178,0.63898754,2
-0.8393934,-0.26259446,2
0.7091547,0.8551277,1
0.3025682,0.0741657,3
0.3249228,-0.987128,3
-0.14543486,0.37253344,1
0.55246973,-0.10345602,1
-0.18104124,0.48009408,1
-0.49261248,-0.74480355,1
-0.6891308,0.9342618,4
0.34421897,-0.23190355,2
-0.60745025,0.039472938,4
0.25007844,0.91796625,3
0.6780493,-0.949649,3
-0.5566534,0.7150973,2
-0.8516369,0.8692961,4
-0.6861421,-0.19917917,2
-0.2693138,-0.33453536,1
-0.91882145,0.4940107,2
-0.72233725,0.61517406,2
-0.36817706,-0.12966287,1
-0.8956133,0.8580284,4
-0.051600933,0.17813551,4
-0.29570913,-0.52858424,1
0.4687922,-0.34946728,2
-0.29681337,-0.5923964,1
0.29791307,-0.9193617,3
0.5880103,0.93785834,1
0.20584011,-0.94881535,3
-0.14096951,-0.86153245,4
-0.66681314,0.27424443,2
0.6282959,0.6721512,1
-0.6826762,0.5790919,2
-0.518818,-0.19075859,2
0.7629888,-0.6783372,1
0.8214649,-0.053412557,3
0.5004215,-0.331573,1
-0.3458767,0.37503862,1
0.577276,-0.22191584,1
-0.42400432,0.6814672,1
0.37228656,0.46983707,2
-0.074297786,-0.1822455,4
-0.66469324,-0.21314049,2
0.9053309,-0.19763064,3
0.66749215,-0.14602792,1
-0.12700772,-0.57824636,1
0.55588114,0.6617292,1
0.79442036,-0.2434032,1
0.44852412,-0.38637066,2
0.44152963,0.36635447,2
-0.83905685,0.7337413,2
-0.22429264,-0.5755471,1
0.4846574,0.8897251,2
0.024299383,-0.18684888,3
-0.6523931,-0.061739683,4
0.2522179,-0.6261046,2
0.65962636,-0.30018628,1
0.2800418,-0.7146481,2
-0.2500062,0.6272366,1
-0.83013594,-0.56749296,2
-0.96391773,0.113894224,4
-0.7138444,-0.9320444,4
-0.69889987,-0.08583057,4
0.2680279,0.88861,3
-0.9650947,0.10075939,4
0.7796767,-0.39827275,1
-0.1837622,0.49396276,1
-0.6730584,0.2837453,2
-0.9199828,0.35915577,2
-0.039485335,-0.59942555,4
0.9934257,0.3271414,3
0.5823375,0.7216251,1
-0.9855772,0.55154157,4
0.61433256,0.8910687,1
0.262429,0.83765566,2
0.79229033,-0.10594022,3
-0.38922,0.27424312,1
-0.8418424,0.7544929,2
-0.28702092,0.3457731,1
-0.6818694,-0.3877498,2
-0.42011786,-0.17367303,1
0.6200149,-0.15405917,1
-0.80596864,0.34231925,2
0.020758748,-0.4677732,3
0.62301064,0.3805201,1
-0.4654206,-0.4283681,1
0.5997462,0.907794,1
-0.22435606,-0.023891449,4
-0.72080314,0.5130265,2
-0.7299578,0.72474706,2
-0.65579164,0.0896585,2
0.9742451,-0.72375536,3
0.58600724,0.21510339,1
0.3970933,-0.78826904,2
-0.9242742,0.37335074,2
-0.4934579,-0.09280872,1
0.90254796,0.4877771,1
0.369125,0.8451475,2
0.7928802,-0.4826448,1
-0.5911765,0.8208698,2
-0.3640418,0.41209376,1
-0.99653816,0.43581593,4
-0.30167496,0.96991646,4
0.61282337,0.8631393,1
0.067744374,0.19081438,3
-0.9633713,0.7860942,4
0.362661,0.84475243,2
-0.9532412,-0.07458973,4
-0.006117463,0.0734818,4
0.37236965,0.8678186,2
-0.93045926,0.005389929,4
0.7157705,0.57281506,1
-0.5273042,-0.6946994,2
0.5493337,-0.5374515,1
-0.4255123,-0.8074918,1
-0.67127967,-0.7091588,2
-0.38290942,0.2812878,1
0.426049,0.8484062,2
0.93373954,0.3259449,3
0.5402571,-0.7947731,1
-0.92718554,0.94066787,4
-0.88599515,0.73694026,4
-0.45424545,0.122781396,1
0.9415095,-0.84469616,3
-0.40802264,-0.8975003,1
-0.21462834,-0.40491354,1
0.09684968,0.9951929,3
0.5597236,-0.6611314,1
0.94115365,-0.077958465,3
0.14008343,0.7314334,2
-0.28623533,0.8265122,1
-0.18338823,-0.6029495,1
0.2759621,-0.061628103,3
0.037718892,0.08264947,3
0.29977584,-0.32877767,2
-0.35286582,0.7705358,1
0.06910038,0.28730464,3
0.08281338,-0.4949404,2
-0.23268819,-0.31563985,1
0.7948873,-0.56610084,1
-0.30361497,-0.43035352,1
0.79794204,-0.44199157,1
-0.32114995,0.6580758,1
-0.82277226,-0.29731655,2
0.8654306,-0.40663314,1
0.4271145,-0.7402179,2
0.6692035,-0.5721381,1
0.6527103,0.70825875,1
0.21417534,0.7492598,2
0.38272643,-0.89649713,2
-0.053868413,-0.8917712,4
0.5253755,0.34838498,1
-0.38845766,0.13319921,1
0.88251555,-0.2604463,3
-0.8474592,-0.37262928,2
0.6848725,-0.9532119,3
-0.039898276,0.6940973,4
-0.58132803,0.16272593,2
-0.07763219,0.3526311,4
0.4083575,-0.5070431,2
-0.3693229,-0.3348006,1
-0.6405407,-0.0135707855,4
0.5735637,0.73334146,1
-0.46043885,0.6837517,1
0.051418662,-0.67264223,3
-0.79559946,0.44293857,2
0.555429,-0.16512477,1
-0.98762953,-0.94868886,4
0.42894375,0.7564465,2
0.7972919,0.11779714,3
-0.49612272,0.39752185,1
-0.4992751,0.23713374,1
-0.9032793,-0.37690806,2
-0.8529943,0.10813367,4
-0.94297135,-0.37394762,4
0.35357952,0.16009688,2
0.56595635,0.34141254,1
-0.5857501,-0.7112086,2
-0.055129528,-0.6993855,4
-0.08686054,-0.573426,1
0.9968169,0.90447474,3
0.09315455,-0.32318866,2
0.2905426,-0.0031403303,3
0.8165264,0.8436949,3
0.5128989,-0.40231216,1
-0.550244,0.5039463,2
-0.45286107,0.21297026,1
-0.054513335,-0.17781293,4
0.5494386,0.44737697,1
0.87515664,-0.46147072,1
0.042740226,-0.9764787,3
0.31570733,-0.20687199,2
0.2558291,0.7402879,2
-0.030662179,-0.55784297,4
0.717726,0.51487684,1
-0.6132418,-0.58667254,2
-0.13440704,-0.75920415,4
-0.10769057,-0.49671054,1
-0.6877625,-0.295915,2
-0.9743694,-0.7030523,4
0.90203416,-0.16389978,3
-0.1975199,0.9590092,4
-0.0020067692,0.9030045,4
0.6712971,-0.71363497,1
-0.894626,0.25571,4
0.04783666,-0.7021755,3
-0.75251186,0.56165755,2
-0.87532985,0.86316156,4
0.04725063,-0.75996447,3
-0.81627464,-0.5694623,2
-0.40506685,-0.4904282,1
-0.17221022,-0.7994702,1
-0.458956,0.073918104,1
-0.13827169,-0.5771537,1
0.8671216,0.21114063,3
-0.5019759,-0.42873693,2
-0.838439,-0.24555302,2
-0.8326669,-0.39752018,2
-0.551263,-0.83920753,2
0.54752004,-0.6491078,1
-0.544801,-0.77157307,2
0.07979751,0.28531873,3
0.19544363,0.86603093,3
-0.15490699,-0.3065735,1
-0.24821997,-0.886624,4
0.3858112,-0.8909167,2
0.7194307,0.0011684895,3
0.06719947,0.107538104,3
-0.11817157,-0.8930516,4
-0.40073514,0.019816756,4
-0.0540905,0.2618456,4
-0.86341095,0.62392914,2
-0.4418583,-0.10680783,1
-0.7773676,0.32553315,2
0.07538879,0.21018946,3
0.061683893,0.020003915,3
-0.30191672,-0.22992945,1
-0.96881545,-0.08696389,4
-0.61461616,-0.02726388,4
-0.1333102,0.6558641,1
0.54310215,0.45118558,1
-0.030553102,-0.2819413,4
0.66654277,0.038001537,3
0.24189186,0.8760326,3
0.07456577,-0.46433628,2
0.72002316,0.8455138,1
0.51199913,0.5978544,1
0.045547605,0.64420474,3
0.93006754,0.99367654,3
0.038106203,-0.64421594,3
0.16509318,0.88661003,3
0.8532342,-0.8962872,3
0.79195,-0.31891644,1
0.5407039,0.66462386,1
-0.820575,0.79402995,2
-0.62253106,0.09428489,2
0.049862385,-0.6247959,3
-0.20219338,-0.25161624,1
0.7565392,-0.33682573,1
0.76986957,-0.6939349,1
-0.56825006,0.114735484,2
-0.70656943,0.9029093,4
0.30036128,-0.36867428,2
0.5700742,0.7147566,1
-0.74725056,-0.26964378,2
-0.89232993,-0.32639253,2
0.46383882,-0.86803746,2
0.3800981,0.21713686,2
0.9490446,0.36856186,3
0.016600609,-0.24418604,3
0.76206756,0.24803066,1
-0.78024817,0.97408736,4
0.64381325,-0.46019566,1
-0.8849305,-0.84126544,4
-0.3124901,-0.508476,1
0.95820403,-0.13133192,3
-0.36502612,0.76301396,1
0.03812301,0.7328763,3
0.18674088,-0.7183465,2
0.21871936,-0.30033958,2
-0.10047853,-0.76789594,4
0.39001536,0.28002238,2
-0.6555122,0.9036453,2
0.7180623,-0.74360895,1
-0.023182988,-0.9039278,4
-0.9145491,0.8964473,4
0.16955447,-0.9475193,3
-0.8709973,-0.74145997,2
-0.07672572,0.92282534,4
0.9659139,0.9442092,3
-0.5114504,-0.79935026,2
0.24381948,0.29502714,2
-0.5765327,0.7078768,2
-0.7253572,-0.898005,4
-0.8728291,-0.023740172,4
-0.5313531,-0.6410363,2
0.5977566,-0.6074263,1
0.35700953,-0.6838629,2
-0.20488203,-0.5023943,1
0.49296284,0.35104096,2
0.56411433,0.27253115,1
-0.70123434,-0.8459405,2
0.3895409,-0.8174286,2
-0.64452803,-0.9883745,4
0.39190364,0.90546656,2
0.12282491,-0.9434465,3
-0.20674229,0.93600273,4
-0.9329107,0.14221656,4
0.72794676,0.16864014,1
-0.3640511,-0.70808077,1
-0.33219993,-0.18454838,1
-0.546317,0.6898111,2
0.08029437,-0.030374885,3
0.04990995,0.034157753,3
-0.7723224,0.28546178,2
0.9456874,0.29311824,3
-0.48731196,0.7801472,1
0.09740722,-0.080969214,3
0.5310781,-0.007170558,3
0.66865206,-0.77255213,1
-0.66721725,0.6412461,2
-0.47878623,-0.32404852,1
-0.5664513,0.630039,2
0.3782444,0.3354957,2
-0.75022197,0.579031,2
-0.46426082,-0.0096924305,4
-0.97496915,0.90133846,4
0.5351783,0.49413276,1
-0.5678178,-0.52618575,2
0.14338994,0.6199591,2
-0.893047,-0.13431323,4
-0.8700094,0.44270003,2
-0.08598769,0.34142518,1
0.033818245,0.9712962,3
-0.93509185,0.0030677319,4
-0.25545478,-0.61379945,1
-0.1221869,-0.28597975,1
0.20235002,0.83437717,3
0.35377538,0.23543501,2
0.7765945,0.68716943,1
0.48545182,0.34872353,2
0.39458632,-0.21668446,2
0.7359717,-0.16918612,1
0.75568175,-0.8271059,1
-0.8672718,0.8459437,4
0.017376423,0.867218,3
-0.6001519,0.62885463,2
-0.7568793,-0.8899504,4
-0.7285842,-0.07476699,4
0.2520634,0.64862037,2
0.13407195,-0.6516036,2
0.93574405,0.7366996,3
0.27242613,0.08506644,3
-0.2358936,-0.6094912,1
0.8451656,-0.12763476,3
0.28256202,0.39201033,2
0.1963706,-0.836063,3
0.6238855,0.2496512,1
-0.120798945,-0.64740133,1
-0.8245721,0.74690974,2
0.79286754,0.9236767,3
-0.16329825,0.70310867,1
0.84497654,-0.2630496,1
-0.91073954,-0.5856799,2
0.56752527,-0.80806875,1
-0.7743168,-0.8835659,4
-0.06517029,-0.10670173,4
-0.575675,0.3054769,2
0.3356048,0.3292278,2
0.31951523,0.35620642,2
-0.89942956,0.88984275,4
-0.25747204,0.49924362,1
0.32394922,-0.17290401,2
-0.63238585,0.6561923,2
0.86584437,0.18834722,3
-0.90836394,0.104218364,4
0.5878396,0.6972133,1
0.63856626,-0.43443835,1
0.042567015,-0.48325908,3
0.6757791,-0.3811792,1
-0.72297835,-0.022435188,4
-0.24663961,-0.2607677,1
0.16789412,0.009766221,3
0.757553,0.63243735,1
0.11521816,-0.8398789,3
0.96313906,-0.42544878,3
0.0895251,0.8411217,3
0.8664907,-0.6389054,1
-0.6499727,0.63555443,2
-0.9980949,-0.74483323,4
0.80096257,0.017815232,3
0.14062202,0.47402084,2
-0.61482024,-0.6459707,2
-0.57218516,-0.36791587,2
0.3646798,0.26720893,2
-0.0577029,0.94284534,4
-0.67529047,0.8171176,2
-0.7876009,-0.44646335,2
-0.44002485,-0.9804981,4
-0.2335993,0.23307788,1
-0.26133156,-0.75559366,1
-0.2547481,0.7494472,1
0.7536228,-0.62683713,1
-0.1014626,0.057898164,4
0.102594614,-0.7006196,2
-0.60756814,0.18289554,2
-0.5847455,0.62809134,2
0.28272235,0.12718046,2
0.568022,-0.8873228,1
0.28002465,-0.099856496,3
-0.31426275,0.48105037,1
0.62256396,-0.14993691,1
0.98889804,-0.4931711,3
0.07001674,-0.15758157,3
0.45563853,0.30017912,2
-0.13312185,-0.21273065,4
-0.5411496,0.30511963,2
0.15383446,-0.17321348,3
0.52220035,0.03016162,3
-0.07987261,0.7997718,4
0.0068279505,-0.60179543,3
0.9096062,0.9600972,3
0.56707036,0.22689044,1
0.6700314,-0.6967132,1
0.5537149,-0.15434945,1
0.4524064,0.11911297,2
-0.06663442,-0.5197674,1
-0.760852,-0.18652701,2
-0.24990523,0.7055737,1
-0.347553,-0.18841434,1
-0.52052414,0.055767775,2
-0.25582385,-0.9453993,4
0.8954233,0.5140681,1
-0.8956189,-0.2728243,4
0.14833724,0.971138,3
0.7861886,-0.6951505,1
0.7814424,0.37713122,1
-0.7984115,-0.40624368,2
0.31473887,-0.08009064,3
0.39695072,0.3642801,2
-0.9922503,0.4913094,4
0.5025178,-0.42621982,1
-0.54044986,-0.53438365,2
0.23093879,-0.44308102,2
-0.9149878,-0.42469656,2
0.17185748,0.3670318,2
-0.7314122,0.75092137,2
0.41962206,-0.4837141,2
0.47139537,-0.8267126,2
-0.5624809,0.43022597,2
-0.1348337,-0.39841032,1
-0.305974,0.15408027,1
0.58035254,0.08171058,1
0.72511065,0.2805531,1
0.55920625,-0.6477543,1
0.13355017,0.17463982,3
-0.24699914,0.25486982,1
-0.5852108,-0.28058255,2
-0.76789796,-0.019359827,4
0.21346223,0.7731695,2
0.20588636,0.4605515,2
0.011078,0.9942472,3
0.27537906,0.20942664,2
-0.29955268,-0.2563672,1
0.045021176,-0.31443834,3
-0.07555878,-0.5895957,1
-0.13750279,0.11920726,4
-0.614957,0.122586966,2
-0.42035115,0.8319752,1
0.034110665,0.7118565,3
-0.7430122,0.5138782,2
-0.35825682,-0.29186463,1
-0.62572014,0.5984547,2
-0.2651379,-0.33158422,1
-0.15356135,-0.2109338,4
0.37200773,0.31855786,2
-0.25489128,-0.39300084,1
-0.73385775,0.7389928,2
-0.35933328,-0.62328434,1
-0.9876312,0.493075,4
-0.26298964,-0.18599403,1
-0.21984947,-0.57555056,1
0.08375263,0.973652,3
0.97927535,0.48758936,3
0.009884477,0.03553796,3
-0.17381871,-0.019721389,4
0.20343244,0.70921123,2
0.1742729,-0.11886144,3
0.5182004,-0.9797921,3
-0.28826022,-0.47152007,1
0.3576752,-0.83321,2
-0.012431622,-0.11581373,4
0.38516915,0.91910565,2
0.54664195,0.28963697,1
0.13710022,-0.25355923,2
-0.38501894,0.52776647,1
-0.046949863,0.23071182,4
0.6845168,0.65034723,1
0.3432169,-0.7596035,2
0.44273663,-0.6871115,2
-0.36632454,0.33975244,1
0.74682987,0.08779359,3
-0.61370134,-0.30932045,2
0.7565119,0.61249924,1
0.8883568,-0.37752998,1
-0.55224884,0.59238756,2
-0.06696975,-0.3922882,1
0.09559333,0.14369166,3
-0.56608677,-0.24320018,2
0.03389299,0.16105402,3
0.18289483,-0.5488882,2
-0.80003774,0.16573787,4
-0.39836037,0.35445404,1
-0.6888534,0.17787147,2
-0.23640323,0.90862715,4
-0.3124225,0.70991457,1
-0.33138645,0.32293606,1
-0.04844916,0.055416703,4
0.90964437,-0.04358256,3
-0.6489264,0.109983444,2
0.93581486,-0.5309824,1
0.05632627,-0.62069094,3
-0.6754576,-0.056329608,4
0.2775526,0.3775748,2
0.34511018,-0.22876573,2
-0.20308518,-0.019913912,4
-0.07412362,-0.9832045,4
-0.12790751,-0.44538426,1
-0.49276316,0.4774611,1
-0.63593435,-0.1493144,2
0.5338954,0.083209515,1
-0.6949432,0.07533634,4
0.15549135,0.724656,2
-0.57428837,-0.36555254,2
-0.51197183,-0.7880101,2
-0.0947628,-0.6167259,1
-0.75508547,-0.26863563,2
0.82758486,0.5276915,1
-0.8378998,-0.12155986,4
-0.41468513,0.5740906,1
0.18433511,-0.22039723,2
0.36622214,-0.12743354,2
0.3978399,-0.21812212,2
0.5130838,0.6729045,1
0.018718123,-0.8187523,3
0.122213006,-0.53999305,2
0.9875976,0.10071647,3
-0.068674564,0.30523372,4
-0.22816038,-0.7849226,1
-0.93775046,-0.38072503,4
0.5110239,-0.0038148165,3
0.28118348,0.98353314,3
0.61438656,0.62412477,1
-0.598263,-0.46029544,2
0.06678498,-0.06421006,3
0.5983368,-0.99329746,3
0.040162086,-0.32098067,3
0.5654279,0.9519067,3
0.7392194,-0.020111203,3
0.52822363,0.05783069,1
-0.18684971,-0.9584904,4
0.4917481,0.28983402,2
-0.9988307,-0.44048202,4
-0.753978,-0.014167428,4
-0.9092226,0.7033737,4
-0.5028169,-0.2382549,2
0.6780466,-0.5291283,1
0.069045424,0.9695282,3
-0.16622019,-0.8705597,4
-0.04970312,0.37724817,4
-0.41547525,0.8216045,1
-0.38633358,0.28809845,1
-0.6193292,0.39946008,2
-0.39933896,-0.090755105,1
0.49407113,-0.51361024,2
-0.024169445,-0.7402506,4
0.8948747,-0.37791872,1
-0.43382883,0.013736129,4
0.71286786,0.26393473,1
-0.3963182,0.5608022,1
0.28517497,0.18519974,2
-0.29706645,-0.71290874,1
0.20349252,0.37491608,2
-0.71723104,-0.8996805,4
0.15520263,0.51046824,2
0.36510825,0.90952384,2
0.94006217,-0.7999313,3
-0.031243086,0.900769,4
-0.64473426,0.8957677,2
0.40779483,0.70515764,2
-0.024631143,0.22992277,4
-0.92047834,0.023114085,4
0.7899046,0.7579559,1
0.6942543,-0.056794643,3
-0.43813407,0.082452655,1
-0.7020416,-0.52488506,2
0.27712858,-0.8707721,2
0.33946133,-0.98857343,3
-0.40780997,0.14216411,1
0.9387878,0.25451112,3
-0.5396246,0.6139333,2
-0.54481685,-0.78783214,2
0.61123395,0.88391423,1
-0.5029049,-0.79585123,2
0.041806936,-0.82128155,3
-0.74251187,0.36293352,2
-0.29938817,-0.7329769,1
0.12329376,-0.8059925,3
0.9356345,-0.872632,3
0.055786967,-0.3724289,3
0.64768755,-0.27999878,1
0.45865667,0.2954688,2
0.33274806,0.4027456,2
-0.13678718,0.06079924,4
-0.014835715,-0.8165159,4
0.5175102,0.076063395,1
-0.8770027,-0.03825903,4
-0.8486476,-0.2820531,2
-0.27643645,0.43872845,1
-0.8833593,0.9183203,4
0.6390543,0.3851514,1
0.6180402,-0.13659,1
-0.10225463,-0.47870636,1
0.72941625,0.35423648,1
0.26586223,-0.8870621,3
0.74513257,-0.19452298,1
-0.59004354,0.40429366,2
0.5815792,0.8072722,1
-0.89774275,0.73631644,4
0.39388132,0.19181049,2
0.07571375,-0.667127,3
-0.6923821,-0.15333104,2
0.5664234,0.6316539,1
0.7187296,0.21901655,1
0.2651652,0.20132601,2
-0.44892108,-0.9157202,1
-0.3955766,0.8871604,1
0.27605653,-0.8586283,2
-0.91860676,-0.81345737,4
-0.48086333,-0.81801105,1
0.9911231,0.9518802,3
-0.6374016,0.7079208,2
-0.3715427,-0.51377034,1
0.6911855,0.08819127,3
0.105406165,-0.27249694,3
0.33897924,0.71379435,2
0.5957993,-0.5423751,1
0.6331786,-0.41530967,1
0.5166559,0.92703056,1
-0.023013711,0.720742,4
-0.8780377,-0.28781664,2
-0.81611407,-0.4992342,2
-0.26294482,-0.5596516,1
-0.28507185,-0.8164873,1
0.69940364,0.79398286,1
-0.8438014,-0.46094787,2
-0.42566276,-0.82472706,1
0.11361778,0.71285594,2
-0.25649095,0.9543611,4
-0.86393785,-0.44174004,2
0.66219664,0.38365316,1
0.776224,-0.98743975,3
-0.62725425,-0.76743805,2
-0.03643012,0.37066054,4
-0.04935229,0.83562696,4
0.52844083,-0.8529185,1
0.9332162,0.5619345,1
0.045205355,0.6376505,3
-0.7938036,0.37114453,2
0.7511227,0.2279594,1
0.8497069,0.94349396,3
-0.22682726,-0.7154044,1
-0.0982312,0.33639073,1
-0.58425593,0.35135663,2
0.49665117,-0.13658059,2
0.017207503,-0.99344814,3
-0.7310809,0.20374715,2
0.5937352,-0.32430136,1
-0.04374361,0.078327656,4
-0.09378421,0.8993461,4
-0.26008248,-0.72254026,1
-0.0060409307,0.89753187,4
0.7673689,-0.3480693,1
0.93153906,-0.9741068,3
-0.47510576,-0.19681668,1
-0.5717106,-0.93464184,2
0.06748557,-0.30105257,3
-0.21940076,0.8155143,1
-0.35070193,-0.97190094,4
0.013458848,0.6653446,3
0.8916421,-0.3230939,1
-0.7508725,0.5944159,2
0.41950357,-0.20069098,2
-0.61195505,-0.78055143,2
0.81573915,0.26374304,1
-0.91786337,-0.74162734,4
-0.0105217695,0.14173305,4
0.25666773,-0.74436295,2
-0.3818022,-0.13113785,1
0.6582489,-0.87594366,1
-0.53099823,-0.07725346,2
0.16917431,0.44152308,2
0.1826582,0.64759326,2
-0.94105613,-0.66666365,4
0.84400606,-0.8106872,3
-0.39920914,0.9168787,1
-0.52423,-0.47625422,2
-0.7462559,-0.16472697,2
-0.12781835,0.054379463,4
-0.8800789,-0.5828726,2
0.107946396,-0.827775,3
-0.11568928,0.9334127,4
0.07207799,0.11282694,3
0.71348035,-0.35094142,1
-0.27871692,-0.82655835,1
0.4448725,0.66138434,2
-0.05850196,0.28326786,4
-0.8146496,-0.43835187,2
-0.7523265,0.6235105,2
-0.46663415,-0.16230881,1
-0.3789289,-0.29948485,1
0.9517479,0.64900684,3
-0.05852306,0.36900103,4
-0.71288323,0.5509763,2
-0.6385381,0.8245516,2
-0.4719982,0.22912395,1
-0.98507404,-0.26773286,4
0.118848324,0.039935946,3
0.35775292,-0.7146511,2
-0.46556413,0.7612096,1
0.69078743,-0.8968489,1
0.4332497,0.45744455,2
0.78211796,-0.85110056,3
0.14475834,0.6960808,2
-0.46438038,0.09511852,1
0.1312983,-0.15365756,3
0.17597878,-0.73165894,2
0.5585623,-0.90181935,1
0.048294306,-0.9013493,3
0.3989762,0.80473304,2
-0.24458277,0.17506921,1
0.30024385,-0.6655462,2
0.6522856,0.011983633,3
-0.47102118,0.781523,1
0.6386932,-0.43175268,1
-0.07015109,-0.50555027,1
-0.5234517,-0.31094873,2
-0.6615366,-0.28166914,2
0.5222975,-0.122858524,1
-0.9029391,0.88765895,4
-0.39135683,-0.7832475,1
-0.8771583,0.84178126,4
-0.08795643,-0.4007783,1
0.7777473,0.95823276,3
0.86509156,-0.48157,1
0.025070429,0.8105904,3
-0.34171474,-0.8420129,1
-0.99681735,-0.7361237,4
-0.45223022,0.97771466,4
0.20184994,0.13474011,3
0.24942148,-0.1220119,3
0.42527366,0.78484416,2
-0.8585175,-0.21334732,4
0.23259139,-0.19057012,2
0.08542919,-0.6594658,2
-0.34319067,-0.23939121,1
-0.5433166,0.54429996,2
0.84396887,-0.5556164,1
0.7832433,-0.13790786,3
0.48396683,-0.5040841,2
-0.66736245,-0.7332666,2
-0.7876768,-0.18051827,2
0.4583807,-0.87160563,2
-0.23099506,-0.8654245,4
0.6901485,-0.58330464,1
-0.1418606,0.7605777,1
0.88228273,-0.8792069,3
0.14427972,-0.73151624,2
-0.54069626,-0.17914999,2
-0.5387285,-0.49525034,2
-0.5675689,-0.6125879,2
-0.55557764,0.43100727,2
-0.29348314,-0.585099,1
-0.19745624,-0.68787074,1
-0.16763353,-0.55983853,1
-0.7682817,0.018005133,4
-0.8535266,-0.35842,2
-0.5231941,0.9818373,4
0.8213204,0.5997,1
-0.25956583,-0.013597846,4
-0.85158086,-0.9762137,4
-0.9755205,-0.8575499,4
-0.90175164,-0.036058307,4
0.09904027,-0.2006309,3
0.33255267,-0.055081367,3
-0.30692077,0.7128104,1
0.15262854,0.34172082,2
0.78497756,0.51880574,1
-0.0988847,0.99071026,4
-0.8328488,0.7668835,2
-0.07552862,-0.028254867,4
-0.07517409,0.68996274,4
0.9600992,-0.6583588,3
0.2945205,-0.8132441,2
-0.3714385,0.6379812,1
0.27342844,0.71967936,2
-0.7386793,0.65226734,2
-0.91130614,-0.04924023,4
-0.46696818,0.39613414,1
-0.51126695,-0.18114436,2
-0.96906173,0.61357355,4
0.10171723,-0.3209014,2
0.9999474,-0.4581033,3
0.6648158,0.2614162,1
0.8493166,0.9667218,3
0.63874066,-0.8527585,1
-0.3243419,-0.31983984,1
0.99374926,-0.29383528,3
0.9084722,-0.8786688,3
0.22499621,0.8777405,3
0.36125064,-0.20460618,2
-0.10230994,-0.36542976,1
0.39716053,0.72869337,2
0.23784661,-0.3659786,2
-0.20148385,0.07691848,4
0.005753875,0.5766624,3
0.2499938,0.57009137,2
0.68101835,0.6650828,1
-0.6255789,-0.08119142,2
0.94595695,0.7288599,3
0.045807123,0.94265604,3
0.7050816,0.8879349,1
-0.42284667,0.99268234,4
-0.9192982,-0.18830931,4
0.451818,0.35995972,2
0.6676979,0.844995,1
-0.07061267,-0.41735423,1
0.034989238,0.5720078,3
0.28395295,0.831813,2
0.27910435,0.23655081,2
0.07949543,0.4751786,2
-0.8502579,0.2034427,4
-0.009956956,-0.752506,4
-0.30724,-0.8962077,1
-0.25099123,-0.38723803,1
-0.16167009,-0.8595202,4
-0.83858263,-0.54109025,2
0.27803123,0.3258015,2
-0.6852931,0.4485668,2
-0.76741636,-0.82432425,2
0.5397539,0.5449475,1
-0.7487525,0.9942844,4
0.94629836,-0.5194677,1
0.47529852,0.65618765,2
0.9098717,-0.5644511,1
-0.65658975,0.4427154,2
0.42572796,-0.20331395,2
-0.45058024,-0.36508298,1
0.25548077,0.5837953,2
-0.7527082,-0.76804173,2
0.041727185,-0.37043345,3
-0.3701867,0.2832135,1
0.60372996,-0.30343223,1
0.7136154,0.23231614,1
-0.7166985,-0.103870034,4
-0.39827406,-0.38377476,1
-0.90427506,0.669104,2
-0.14454234,0.09235692,4
0.44842613,0.49053442,2
-0.38925874,0.6386237,1
-0.0059866905,0.8160422,4
-0.52802885,0.8477466,2
0.7393013,-0.29928648,1
-0.70775855,0.3875698,2
-0.42563534,-0.7486899,1
0.016975999,-0.80128264,3
0.93309426,0.5356648,1
-0.3259102,-0.9685699,4
0.148,0.8414786,3
-0.78507817,-0.9273143,4
-0.7028253,-0.02110529,4
-0.34555185,-0.8231083,1
0.8217529,-0.4580325,1
0.26617765,-0.5110707,2
0.06042838,0.22447932,3
0.42735112,0.843765,2
-0.9725255,0.12275767,4
0.085556746,0.4551158,2
0.4573115,0.8057114,2
0.26185858,-0.8140935,2
0.3383205,0.3000263,2
0.082438946,0.65087795,2
-0.8711145,-0.8076755,4
-0.36368752,0.9683291,4
0.6383878,0.11239064,1
0.6178051,-0.008494139,3
-0.50484693,0.91079843,2
0.8874272,0.054714203,3
0.32349658,0.015208483,3
0.4629526,-0.18476653,2
0.6055906,0.5332639,1
-0.74535465,-0.28382325,2
0.8847407,-0.38634753,1
0.3366114,-0.5995277,2
0.9298527,-0.015954018,3
-0.51660526,0.44127548,2
-0.03724122,-0.7849617,4
0.9116368,-0.20525157,3
-0.43179727,0.528893,1
-0.003415823,0.10890162,4
-0.24049556,0.45315254,1
0.5594053,0.5249796,1
0.4412998,-0.45953798,2
-0.9481195,0.8798208,4
-0.4443742,0.12209451,1
0.53949416,-0.34087276,1
0.16155136,0.67463994,2
0.27301002,-0.030717611,3
0.00538826,-0.94559276,3
-0.6558217,0.9021436,2
-0.5066786,0.44580126,2
0.47653425,-0.4177494,2
0.8674052,-0.61195636,1
-0.528267,0.9345287,2
-0.42314422,-0.64488626,1
0.81124854,0.72445464,1
0.8782698,0.88897514,3
-0.97052157,0.039699554,4
-0.5791267,-0.29547656,2
0.8855597,0.34659278,1
0.5875076,0.13101828,1
-0.74303555,-0.7832341,2
0.5613401,-0.9799373,3
0.7788975,-0.6643312,1
0.14609802,-0.7182808,2
-0.6883632,-0.56180155,2
0.23903155,-0.38835728,2
-0.383577,0.23657739,1
0.2771424,0.002902627,3
-0.5262127,-0.51273644,2
-0.03394389,-0.78749394,4
-0.26800573,0.26869738,1
-0.04391718,0.54675627,4
-0.69546103,-0.102007866,2
-0.068400025,0.87003195,4
0.35255826,-0.80360806,2
0.68920434,0.51308787,1
0.23007226,-0.07916224,3
-0.6602733,0.300601,2
0.2078371,0.9189545,3
0.70298266,-0.06934142,3
0.527251,0.15007257,1
0.47714293,-0.22525692,2
0.50238216,0.26468098,1
0.8431654,-0.66474044,1
0.7502595,-0.5256412,1
0.07642269,-0.735193,3
0.2827717,0.4053898,2
-0.46869564,-0.6605321,1
-0.73518384,-0.6501757,2
-0.62974167,0.065906286,4
-0.6090689,-0.44815016,2
0.73778486,-0.1762203,1
0.7459816,-0.9546391,3
0.124884486,-0.60808897,2
-0.084742785,0.14721918,4
0.6042253,0.32608652,1
-0.752468,0.4727564,2
-0.10409808,0.55177164,1
-0.6655668,-0.35526252,2
-0.9155519,0.46622646,2
-0.2346766,0.48966002,1
-0.23269796,0.22747552,1
-0.6054785,-0.86244524,2
0.77205276,0.31460583,1
0.0940218,0.15127265,3
-0.085424066,0.103453994,4
0.16812646,0.60272,2
-0.05605173,-0.5013466,1
0.21603298,0.28704345,2
0.4753654,0.63827145,2
0.71512127,-0.67200315,1
0.77303123,0.5381365,1
-0.5365876,0.99154556,4
-0.5838053,0.12294519,2
0.29763734,-0.79069316,2
0.6495234,0.41013038,1
0.25799465,-0.8559066,2
-0.64860165,0.3362596,2
-0.8022834,-0.96174896,4
0.5993116,0.6667019,1
-0.63806915,0.9095551,2
-0.39956093,-0.91404545,1
-0.15576923,-0.35670722,1
-0.101040244,0.56313026,1
-0.7397226,-0.6767942,2
0.16238713,-0.2843181,2
-0.82362497,0.8048308,2
0.1608926,-0.39824247,2
-0.45076728,0.52535415,1
0.7414129,0.26114202,1
-0.045754433,-0.7664714,4
-0.6014241,-0.343678,2
-0.9819292,-0.013130426,4
0.47471797,0.35482562,2
0.07271576,0.58291066,2
0.8803501,0.41389883,1
-0.5102259,0.15462542,2
0.59441423,0.20730412,1
0.8430258,-0.5386282,1
0.94189906,-0.7436665,3
0.42482173,-0.65373456,2
0.89743376,-0.9659766,3
-0.3227929,-0.28460896,1
0.3511641,-0.09967971,2
0.79454064,0.43658984,1
-0.39736795,0.15007794,1
-0.35633743,0.87488055,1
-0.694154,-0.8749528,2
-0.20511675,0.90324986,4
0.9418255,0.6214502,3
-0.042069674,-0.4167627,4
0.6924565,-0.26141262,1
0.59844446,-0.86267006,1
-0.3384167,0.8397229,1
-0.36914206,-0.9211862,1
-0.15277839,0.56899023,1
-0.46801162,-0.4252156,1
0.50516784,-0.32171834,1
-0.78287864,-0.6488447,2
-0.2670467,0.71328545,1
0.81870353,-0.8324081,3
-0.3008982,-0.0084548,4
0.89022243,-0.535501,1
0.18234742,-0.46261847,2
0.33886266,-0.011125445,3
0.48641312,-0.86522555,2
0.91580343,-0.2773323,3
0.65698266,-0.007894039,3
0.73951435,-0.64587367,1
-0.17130983,-0.08947444,4
-0.9966792,0.8436309,4
-0.16736782,0.69539833,1
0.66328585,-0.2589208,1
0.541656,0.88883245,1
-0.013177276,0.118650556,4
0.2453214,-0.07206535,3
0.8683318,0.0036321878,3
0.33404994,-0.59828603,2
0.8187767,0.6500629,1
0.21889746,0.19922626,2
-0.4240836,0.9006542,1
0.4871812,-0.32137907,2
-0.043399215,-0.80660415,4
0.34370255,-0.6364974,2
0.5090668,-0.20163417,1
0.24259996,0.56795335,2
0.87974954,0.8736551,3
-0.11272919,-0.60054743,1
-0.22480762,-0.44460726,1
0.3579061,0.08079028,2
0.69591427,-0.8977407,1
-0.3082025,0.9151639,4
-0.0024834871,-0.93752253,4
0.74579716,-0.4035046,1
0.5780959,0.39023888,1
0.34945858,0.19936788,2
-0.085381866,-0.3157767,4
0.6290326,0.98587346,3
-0.8799844,0.43495917,2
-0.25451744,0.2123605,1
-0.955662,0.9381374,4
-0.7759286,-0.86393046,4
0.6055281,-0.14823544,1
0.4202112,-0.7052636,2
-0.052247167,0.14662981,4
0.6087177,0.4024185,1
-0.34159207,-0.7714138,1
0.6252059,-0.43066025,1
-0.8691218,0.51051533,2
0.13418627,0.36596894,2
-0.22791767,-0.1993103,1
-0.5652065,-0.97840047,4
-0.3137895,0.07795596,4
-0.49042094,-0.05858159,1
-0.1854155,-0.025612354,4
-0.17673564,-0.9343158,4
0.40317333,0.4206742,2
-0.48315895,-0.64128375,1
-0.2377913,-0.82732546,1
0.22927189,-0.96132624,3
-0.73401356,0.4796542,2
-0.79315567,0.8326026,2
0.63604736,-0.96761084,3
0.80280447,0.5122175,1
0.009429097,0.0054420233,3
0.3823222,0.83787,2
-0.1012038,-0.14835465,4
-0.7335675,-0.4290948,2
0.7174201,0.29354537,1
0.19095981,-0.17585051,3
0.41491652,-0.63208485,2
-0.87863994,0.27884984,2
-0.67370474,-0.49667668,2
0.7320206,0.9325355,3
0.4854442,-0.55871177,2
-0.20985997,-0.559255,1
0.33410883,-0.25085163,2
0.72246873,-0.18261397,1
0.43944252,0.024071693,3
0.21173692,-0.5390775,2
0.019246817,-0.6344868,3
0.47362518,-0.9698577,3
-0.20270586,0.9170362,4
0.3909533,0.613706,2
0.036084652,0.27314413,3
-0.3030269,0.5880343,1
0.11673486,0.2442534,3
-0.54693925,0.36061764,2
-0.6176164,-0.78892314,2
-0.012194276,-0.6709492,4
0.29073262,0.3226118,2
-0.13419306,-0.51523554,1
0.42256522,0.7500359,2
0.22799063,-0.5544318,2
-0.7129817,0.6587378,2
-0.3352034,0.7599931,1
-0.09703815,-0.5346439,1
-0.39580274,-0.80744946,1
0.10227966,0.17518854,3
-0.24542677,-0.36783063,1
0.7095933,0.42306817,1
-0.5444801,0.18224406,2
0.049730897,0.4494282,3
-0.34344387,-0.037794232,4
0.4959693,-0.7793335,2
-0.25550103,-0.09418762,4
0.40697408,0.74323165,2
0.43631673,-0.7347791,2
-0.7521235,-0.7755333,2
0.5881264,-0.83663476,1
0.92177415,-0.09319019,3
-0.033496976,-0.92251325,4
-0.64594316,0.35834634,2
-0.009500384,-0.062642455,4
-0.29343283,-0.13891661,1
-0.8319464,-0.90741885,4
0.81613886,0.8240627,3
-0.3136394,-0.089654446,4
0.6482303,0.29317856,1
0.42116833,0.5304284,2
0.8581393,0.47122085,1
-0.16515696,-0.69339466,1
0.61784077,0.44435334,1
0.948828,0.8376802,3
-0.6147014,0.18536365,2
0.1953224,0.028132915,3
-0.514143,-0.57379115,2
0.64949155,0.26514912,1
-0.50602245,-0.37445545,2
0.3723439,0.15906286,2
-0.7686428,-0.6298231,2
-0.4080819,-0.87222123,1
-0.45121717,-0.08186865,1
0.7341832,0.8285551,1
0.27967274,-0.1030817,3
-0.8161038,0.624895,2
0.22005475,0.5014832,2
0.689669,-0.8492813,1
-0.3890412,-0.113595605,1
0.8879863,-0.016749144,3
0.31429303,0.2165333,2
0.15047896,0.5011524,2
0.15294659,-0.66390276,2
-0.7187853,0.38264394,2
-0.7679417,-0.04880202,4
-0.788805,-0.2567966,2
0.50432503,0.21378374,1
0.24198139,-0.36635137,2
-0.54766726,-0.3280735,2
0.34698522,0.18305588,2
0.13090253,0.64325964,2
0.09627426,0.8992723,3
-0.43071806,0.513595,1
0.758855,-0.9887214,3
-0.165097,-0.49480176,1
-0.33338904,-0.11288822,1
-0.9031892,0.7493378,4
-0.11101091,0.77947843,4
0.5184531,0.5921836,1
0.34095633,-0.11415243,2
0.5082582,0.92480266,1
0.5837872,0.06421816,1
-0.95447826,0.826023,4
-0.4848081,0.77968466,1
-0.20696795,0.21670341,1
-0.10023248,0.88637686,4
0.35227334,-0.27290058,2
0.06154251,0.7466097,3
0.18893516,-0.83656144,3
-0.87240195,-0.31735682,2
-0.13599598,-0.6803384,1
0.83669364,-0.26889753,1
0.68838847,-0.68407047,1
0.25208795,0.6668501,2
-0.25247216,0.96359074,4
0.6671585,-0.02079606,3
-0.58128977,0.06972933,2
-0.228948,-0.7276262,1
0.56108737,0.2223264,1
0.7357867,0.9336102,3
0.061062813,0.9648365,3
0.5635402,-0.96716475,3
0.45956433,0.808269,2
-0.15787041,-0.3912741,1
-0.900368,0.07754505,4
0.3279996,-0.26314008,2
-0.72903216,-0.10887611,4
-0.37929153,-0.79962385,1
0.8820573,-0.22095096,3
-0.9964845,-0.016336203,4
0.48088503,-0.3887142,2
0.47506,0.13214386,2
0.22408378,0.09841144,3
-0.4576409,-0.6302464,1
0.444777,-0.49049103,2
-0.27824128,-0.9999378,4
0.6058605,-0.79710305,1
0.41964197,0.4530406,2
0.9937092,-0.23425555,3
-0.762552,-0.05034125,4
-0.11573827,0.096562624,4
0.3459611,0.3691858,2
-0.992692,-0.36583066,4
0.763237,-0.09588528,3
0.88506377,0.53838444,1
-0.20850801,0.51600885,1
0.49843824,-0.73192716,2
0.9446491,-0.24043453,3
-0.7592417,-0.6059046,2
0.13506973,0.07530904,3
-0.7127011,0.2474029,2
-0.82836366,0.1733371,4
-0.5957588,-0.8387046,2
-0.48062873,-0.69253826,1
-0.5616621,0.5534214,2
-0.66799796,0.8931775,2
-0.10443413,-0.7547108,4
0.8233944,-0.4673301,1
0.29159033,-0.5209484,2
-0.2970972,0.7103069,1
0.5284039,-0.28650606,1
-0.44399512,0.5037657,1
-0.8592527,-0.9798522,4
-0.62107337,-0.93362224,4
-0.38518953,0.71915364,1
-0.070598006,0.4789728,1
-0.6065345,0.66205263,2
0.87157595,0.10420072,3
-0.038657665,0.5604842,4
-0.11106992,-0.28094423,1
-0.6048697,0.15745091,2
0.8138087,-0.47564244,1
0.84653103,-0.57073414,1
0.45574367,0.36179805,2
-0.9945103,-0.11432946,4
0.06462109,-0.0054115057,3
-0.890831,0.30329072,2
-0.61859024,0.6677666,2
-0.51172113,0.6902168,2
0.93248343,0.056106806,3
-0.02118659,-0.8500396,4
-0.18139076,-0.515164,1
-0.6928431,0.7104733,2
0.72276676,0.48075962,1
-0.6556262,-0.36627603,2
-0.52031994,-0.55503917,2
0.016983032,-0.34486103,3
-0.63687027,0.8552176,2
-0.21640527,0.8579341,4
0.58481944,0.885201,1
0.5976603,-0.7908877,1
0.47215915,-0.19685507,2
0.8657044,0.3220904,1
-0.20565784,0.77601886,1
-0.7015209,-0.17782426,2
-0.08961129,0.7035638,4
-0.008551598,0.23832917,4
0.27447104,0.04338622,3
-0.6559036,0.9969722,4
-0.41085255,-0.9766053,4
-0.6508157,-0.3735875,2
-0.93628776,0.5872499,2
0.6989882,0.3754071,1
-0.88848233,-0.54558074,2
-0.5573367,-0.8056451,2
-0.013054252,0.02742362,4
0.495417,0.41675055,2
-0.31898987,0.9296771,4
0.085581064,0.91222036,3
-0.493057,-0.25100982,1
-0.29934096,0.26735306,1
-0.36260724,-0.7084235,1
-0.24007046,-0.6004864,1
0.108096,0.17280924,3
-0.8675606,0.5410311,2
0.96543694,0.89375865,3
-0.2003622,-0.22802436,1
-0.92527294,0.34274745,4
0.027225137,0.16081703,3
-0.8288264,-0.25897062,2
0.9879426,0.4314903,3
-0.14358008,0.89975834,4
-0.9757695,-0.84308803,4
-0.9684212,-0.09357095,4
0.8463789,-0.5668068,1
0.6053965,0.303957,1
0.64869213,-0.6276846,1
-0.102559924,-0.08821797,4
0.14523995,-0.47322953,2
-0.07396197,-0.23064768,4
0.16117382,0.39675283,2
0.46547604,0.51783407,2
0.97980404,-0.25567925,3
-0.60577035,0.7919096,2
-0.014635801,0.73115695,4
0.23461735,-0.057654977,3
0.13358068,0.49504793,2
-0.015715837,0.38013923,4
-0.16496551,0.17910242,4
-0.7773193,0.90927756,4
0.3892827,0.5274403,2
-0.8162204,-0.86158466,4
0.1315248,0.7682344,3
0.9434968,0.1294837,3
0.95018184,-0.16751516,3
-0.71827626,0.20675099,2
0.33633363,0.12386918,2
0.13088226,0.82305586,3
0.19896054,0.5868529,2
-0.9169651,0.7267654,4
0.41908336,-0.85141003,2
0.24467087,0.7157798,2
-0.35187602,0.57288754,1
-0.86758983,-0.017899752,4
0.83934474,-0.8942026,3
0.40535223,-0.42311358,2
-0.8745084,0.16261017,4
0.42322528,-0.34744644,2
0.14149904,-0.23818219,2
-0.9223107,-0.18743134,4
-0.009762168,0.9158585,4
0.5221939,-0.27528226,1
-0.45497525,0.110311866,1
0.5600172,0.8894948,1
-0.5105921,-0.8819461,2
-0.9419129,0.51792145,2
0.7582972,0.38436615,1
0.13475311,-0.5651852,2
-0.75821495,-0.82900965,2
0.602896,-0.98720515,3
0.652192,0.55579305,1
0.5969752,-0.25607967,1
0.27543962,-0.34957218,2
-0.883603,0.21078813,4
0.40048754,0.32780147,2
0.80175626,0.12448919,3
0.047245264,-0.94283974,3
0.33015668,-0.39350736,2
-0.7727363,0.7463455,2
-0.14273345,-0.9848956,4
-0.5629028,0.8136226,2
0.714591,-0.9793713,3
-0.002801299,-0.01290369,4
0.63948846,-0.8609904,1
-0.16347718,-0.10400915,4
0.0027757883,-0.9799212,3
-0.457134,-0.3808782,1
-0.5842879,0.08832371,2
0.14082956,0.6421174,2
0.6372769,0.94236183,3
0.84384143,0.70300484,1
0.5378125,-0.31869352,1
0.7058834,0.7385385,1
-0.038647413,0.14545798,4
0.9556279,-0.5497358,3
0.40263188,0.19502997,2
0.14506948,0.16517937,3
-0.5065441,-0.4800881,2
-0.067887545,-0.14741206,4
-0.8243735,-0.85192204,4
-0.7810638,-0.03572917,4
0.2040416,0.52865493,2
-0.10652721,-0.31647158,1
0.1352551,-0.30733955,2
0.009479165,0.1003865,3
-0.64373493,0.08100462,2
-0.13784897,0.58194876,1
0.91942585,0.8727958,3
0.07297206,0.3913976,2
-0.8227663,-0.5991857,2
-0.9772806,0.5456488,4
0.4416361,-0.9850203,3
0.3297088,-0.48446834,2
0.39405155,-0.28523827,2
0.6571622,0.095244765,1
-0.2067244,0.34002435,1
0.07596958,0.43761623,2
0.49897778,-0.93471944,2
-0.8346956,-0.38748956,2
-0.9401132,-0.48048294,2
0.69298005,0.24797463,1
-0.4994067,0.84365606,1
-0.69918215,0.9140351,4
0.65300643,-0.65238416,1
-0.6204157,0.37033498,2
0.8729534,-0.25768137,1
0.03644073,0.9901886,3
-0.5044601,0.95865977,4
-0.45019293,-0.6294974,1
0.43227744,0.7413887,2
-0.682251,0.021027923,4
-0.8025522,0.09334397,4
-0.58656955,-0.81456363,2
0.9508079,-0.5269618,3
0.37302113,-0.7250806,2
-0.78014624,0.80096793,2
0.69716835,0.49276173,1
-0.53995085,-0.15174806,2
-0.7825595,-0.69771004,2
0.9495081,-0.3374611,3
-0.53402996,0.1536423,2
-0.5993295,-0.8159137,2
0.5230833,0.95606387,3
0.59187233,-0.87073016,1
0.5684409,-0.8126775,1
-0.95605624,0.23554039,4
-0.8781569,-0.7980201,4
-0.16008282,-0.10671508,4
0.35732043,-0.42645442,2
0.9396548,-0.48533273,1
-0.93335426,0.42612624,2
-0.6129472,-0.65789676,2
-0.9745908,0.32944155,4
0.53801405,0.07057166,1
-0.6029879,0.003668785,4
-0.4735577,0.09574497,1
0.1492933,-0.22963202,2
-0.41183555,0.5074549,1
-0.4617716,0.26189232,1
0.3152727,-0.6149372,2
0.84766257,-0.36041784,1
-0.5665343,0.4338808,2
-0.39091194,-0.34768927,1
-0.9186102,0.60217285,2
-0.6620219,-0.12049198,2
0.9038117,-0.23504066,3
-0.17862904,-0.05925262,4
-0.58897054,0.73861885,2
-0.3853078,0.21775603,1
-0.85218656,-0.6598507,2
0.6249304,-0.46907616,1
-0.8197944,-0.37582278,2
-0.5258188,0.45394278,2
-0.54723644,-0.8270904,2
-0.71454,-0.34376276,2
-0.32135475,0.8889662,1
0.17600131,-0.64125097,2
-0.1321305,0.31443226,1
-0.82228315,0.10604739,4
-0.5760131,0.3937981,2
-0.34296548,0.43454337,1
0.276327,0.79221594,2
-0.76482105,0.39693534,2
0.8752886,-0.49153018,1
0.4045403,-0.5627072,2
-0.54562104,-0.6247536,2
0.717821,0.8560344,1
-0.07128215,0.06496072,4
-0.15391421,-0.4776318,1
-0.38941407,-0.9789269,4
0.74289155,-0.047322154,3
0.8146267,-0.9277338,3
-0.57122076,-0.8477541,2
-0.08388877,0.7760798,4
0.8692813,-0.60375524,1
0.8140404,0.3518659,1
0.43718183,-0.5080031,2
0.6169019,0.6287683,1
0.4342736,-0.9877702,3
0.07391882,-0.8624146,3
0.038731217,-0.08115494,3
-0.53877604,0.35688794,2
0.3121723,-0.7848004,2
-0.2756251,0.38088334,1
0.047459006,0.48496628,3
0.38109255,0.762756,2
-0.7024965,0.016443253,4
0.48736608,0.012354374,3
-0.53876185,0.69809186,2
0.63370836,-0.14286244,1
0.41119325,-0.06423998,2
0.015200615,0.7325076,3
-0.045247197,0.8223711,4
0.9390986,-0.46943974,1
0.08632493,-0.069027185,3
0.30852747,0.039646387,3
-0.8001689,-0.94766605,4
-0.45726895,0.04196036,4
-0.5892168,0.5153934,2
0.7373115,0.1499393,1
0.1367383,-0.6243069,2
-0.41304696,0.25807106,1
-0.61270535,0.6026077,2
-0.5753834,-0.7754636,2
-0.86552036,0.7161063,2
-0.30731654,0.9929794,4
-0.48292124,0.29958856,1
0.0518564,0.89085627,3
0.35511494,0.0349195,3
0.23286366,-0.9742075,3
0.9215263,0.86328566,3
0.50549006,0.42992663,1
-0.42345965,0.47129333,1
0.42175186,0.41537213,2
-0.31297648,-0.65751743,1
0.20897901,-0.8010653,2
0.23014724,0.31301415,2
0.0492239,-0.41539073,3
-0.84875464,-0.9541507,4
0.47014093,-0.1320957,2
-0.525782,-0.3843255,2
0.4568206,-0.6872705,2
-0.5550554,-0.09123683,2
0.7228687,-0.12831628,1
0.75087535,0.6258038,1
0.18236136,0.25263083,2
0.76146424,-0.9243916,3
-0.84648955,-0.8868054,4
-0.53614724,-0.18608296,2
-0.40747988,0.88127697,1
-0.4530933,-0.42909348,1
0.8760344,0.40115666,1
0.16630638,-0.71365786,2
-0.22216082,-0.10532141,4
0.08709371,-0.19822955,3
0.5564282,-0.6347301,1
0.9623443,-0.37992346,3
0.0022342205,0.9750174,3
-0.1868428,0.81581557,1
-0.81438446,0.66409993,2
-0.29710066,0.7528132,1
-0.92087877,0.585976,2
-0.9441998,-0.26719832,4
0.5614954,-0.81432056,1
0.9960264,0.46066928,3
-0.8111236,0.99335957,4
0.94897485,0.57492006,3
-0.035458803,0.6381036,4
-0.9463421,-0.83096206,4
-0.14258611,-0.9383944,4
0.71692336,-0.1602186,1
-0.5022763,-0.56283855,2
0.9613044,-0.63262165,3
-0.9167496,0.5427948,2
-0.32576597,-0.4081998,1
-0.38965,-0.8796848,1
0.08414042,-0.26335442,3
-0.06950259,-0.44670427,1
-0.07323456,-0.40818822,1
0.43673968,-0.34890115,2
0.012367606,0.24845612,3
0.29780567,-0.27581632,2
0.981997,0.041398764,3
-0.24551547,0.92527926,4
-0.29929733,0.95797276,4
-0.9716407,-0.8849015,4
-0.7394351,-0.11245394,4
0.6033714,0.54988337,1
0.2712891,-0.012114644,3
-0.9563992,-0.60278475,4
-0.15355217,0.31488073,1
0.90487087,0.5384655,1
-0.6737162,-0.7112477,2
-0.23655927,-0.96047926,4
0.7214681,-0.9531028,3
-0.21657479,-0.04925108,4
-0.44417334,0.16136134,1
0.7182877,0.2736025,1
-0.7995211,0.38420653,2
0.71459734,0.7020482,1
0.92904925,0.23965466,3
-0.036688447,0.46567404,4
0.31680918,0.52699006,2
0.11146891,-0.222363,3
-0.17976427,-0.34184146,1
0.6729289,0.19057512,1
-0.4967568,-0.3395214,1
-0.4904952,0.9094988,1
0.049201846,0.46574473,3
-0.87641716,0.7810013,4
-0.9279871,-0.47358143,2
0.12143159,0.40765738,2
0.0044072866,-0.0020570755,3
-0.83454025,-0.58376765,2
-0.28201425,-0.23987436,1
0.2074995,-0.71444535,2
0.76927555,-0.117084384,3
0.23887229,-0.08185363,3
0.55243254,0.14187181,1
0.44283402,-0.9212947,2
0.48664403,-0.36840677,2
0.0086090565,0.33831918,3
0.020465016,-0.9070147,3
0.2624029,-0.17187428,2
0.07322192,-0.64963675,3
0.76963353,0.14852762,1
-0.53656685,-0.7588097,2
-0.9745399,-0.4152012,4
0.83538675,0.015093565,3
0.9200908,0.38798773,1
-0.94172204,0.68634975,4
-0.23485029,-0.51129687,1
-0.4603963,-0.041837335,4
-0.9973382,-0.5258224,4
0.3990363,-0.28308427,2
0.27528524,0.9856988,3
-0.94479704,0.74555993,4
0.082877636,-0.44989336,2
-0.91859925,-0.8409648,4
0.3351475,0.06783068,3
0.8142073,0.45900965,1
0.5630901,-0.78058755,1
0.3094355,0.2843957,2
0.9844698,-0.44262743,3
-0.9776491,-0.45153737,4
-0.07662952,0.31168008,4
0.76425827,-0.74046147,1
-0.06539059,0.40220225,1
-0.19261348,-0.11680961,4
0.335685,0.92389226,3
0.75769675,-0.51149213,1
0.43823397,0.70986545,2
-0.6947689,-0.594892,2
-0.3847233,0.39994073,1
0.03963375,0.88234293,3
-0.7613267,0.8199477,2
-0.93854976,0.87584054,4
-0.44674063,0.13863611,1
0.5359566,0.083063364,1
0.5814251,0.09914267,1
-0.9349611,-0.39055896,4
0.3170079,-0.8383224,2
-0.23526764,-0.023563981,4
-0.3058803,0.34067023,1
0.23340666,-0.2044431,2
0.31000912,-0.7734467,2
-0.28857112,0.4469545,1
0.62758875,-0.34053838,1
-0.7680714,0.043231964,4
-0.349589,0.93536115,4
-0.46028972,-0.7398982,1
-0.10049987,-0.40320337,1
-0.86162305,0.11342466,4
0.25759196,-0.23094618,2
0.67253387,0.20110726,1
0.99335814,0.7828412,3
-0.34799683,0.458709,1
0.42864513,-0.7323706,2
-0.50101817,-0.8439498,2
-0.5605098,0.95280373,4
0.29898894,0.15152144,2
0.741755,-0.3196993,1
0.2454623,-0.30969727,2
-0.059026837,-0.6278136,4
-0.59955764,-0.94229984,4
-0.85898376,0.32569742,2
0.3956182,-0.13905478,2
-0.19372201,-0.20111656,1
0.4460665,0.699962,2
0.13732946,0.6306659,2
-0.54851377,-0.50607157,2
0.8117415,-0.0053663254,3
-0.04392016,-0.8436544,4
0.20258188,0.35725045,2
0.7991488,-0.036603928,3
0.54080105,-0.5043913,1
0.91592395,0.551545,1
0.6393999,-0.11904681,1
-0.02467072,0.6297238,4
0.23325527,0.8616781,3
-0.5672562,-0.7755548,2
0.4763403,0.54938686,2
0.7270787,-0.47552896,1
-0.77335465,0.94616246,4
-0.6104193,0.49306536,2
-0.73153603,-0.87105,2
0.9149096,0.6145799,1
0.18317449,-0.1373539,3
0.5626726,0.08850098,1
-0.9241868,-0.86183023,4
-0.46956575,0.03480053,4
0.46941674,0.27269375,2
-0.080794215,0.7923534,4
0.3473934,-0.5301286,2
-0.11723375,-0.95354104,4
-0.7076098,0.37807357,2
-0.37268186,-0.4124812,1
-0.044162154,-0.8796469,4
0.35364985,0.16232729,2
-0.50560045,0.5733607,2
0.6871077,-0.2798952,1
-0.7919903,0.072256684,4
-0.9705161,0.8714932,4
-0.72961867,0.09955609,4
0.030849218,-0.5293684,3
-0.70062065,0.41884136,2
-0.010892153,0.7047703,4
0.49531305,0.23662615,2
-0.55741966,-0.85443735,2
-0.6149142,0.6708847,2
-0.9405737,3.2782555E-4,4
0.8355746,0.58262944,1
0.71166754,-0.17439365,1
0.2081759,-0.14655125,3
-0.55335605,0.66086185,2
0.3669796,0.7893654,2
-0.93808293,-0.25488555,4
0.055588007,0.47826636,2
0.8090924,0.43776858,1
0.033522964,-0.24075449,3
0.08724952,0.8272972,3
-0.29497087,0.76851726,1
-0.94166875,0.8344221,4
0.9547161,-0.24464941,3
0.1769079,0.8628669,3
0.9809686,0.6162797,3
0.4584062,0.5897989,2
0.32571387,0.1364063,2
0.72762525,0.09510708,3
-0.4444468,0.668959,1
0.4388554,-0.11466682,2
-0.5467384,0.50067353,2
0.3171283,0.5622611,2
0.7103237,-0.3304906,1
0.9452543,0.9120264,3
0.33181965,-0.092484355,2
0.45280743,0.44852114,2
0.9171939,-0.28371716,3
0.121792674,0.24147499,3
-0.9119463,-0.45733058,2
-0.48866284,-0.09221077,1
0.3022275,0.4618516,2
0.6535835,-0.4363767,1
-0.39179742,0.7030153,1
0.049483895,-0.6502261,3
-0.6766689,-0.56383073,2
0.1921035,-0.21431494,2
0.71166635,0.29890406,1
0.7932911,0.015877008,3
-0.67694485,0.6579492,2
0.945369,-0.7691779,3
-0.6545123,0.20686483,2
0.30228412,-0.1772877,2
-0.9897239,-0.51084435,4
-0.26484478,-0.26819408,1
0.44822025,0.7527869,2
0.5572921,0.9139941,1
-0.62039137,0.2910179,2
0.6067685,0.7840301,1
-0.63198423,0.36542785,2
-0.46506524,-0.86308205,1
0.094977856,0.8559941,3
-0.5774149,-0.39611793,2
-0.9814193,-0.98762727,4
0.20877838,-0.25294685,2
0.9438559,-0.18137348,3
-0.22122693,-0.06737673,4
-0.6820123,0.41532958,2
-0.64338565,0.046150327,4
0.61124897,0.28924525,1
0.055316806,0.7325674,3
0.87915266,-0.7610855,3
-0.94472873,0.37016332,4
-0.27240324,0.8079945,1
0.442667,-0.45851493,2
0.40711474,0.45684576,2
0.8088207,-0.12982595,3
-0.087675214,-0.6173308,1
0.38404226,0.18280911,2
-0.19291091,0.9217292,4
0.88299215,0.8667966,3
-0.635131,-0.14763272,2
-0.96938956,0.77334905,4
0.6185857,-0.20061362,1
-0.3919351,-0.7909676,1
0.4475689,0.109977126,2
0.027482986,-0.47313285,3
0.064719915,0.97594,3
-0.83554053,0.03143394,4
-0.3400947,0.82003486,1
-0.7683437,0.72101104,2
0.7421638,0.80563676,1
-0.32029927,0.57882965,1
-0.57886493,-0.8154942,2
-0.19125938,-0.62326694,1
0.77602017,0.63965666,1
0.34238124,0.3557495,2
0.15845454,-0.9624473,3
-0.43648577,0.6934718,1
-0.8747735,-0.53908193,2
0.6782063,-0.24191594,1
0.34040105,0.0913775,2
0.33005226,-0.9099885,2
-0.35207546,-0.35284233,1
-0.86484754,-0.44260132,2
-0.69971967,-0.49126887,2
0.78037393,-0.17992818,1
-0.47744024,0.39433038,1
-0.31077254,-0.86628413,1
0.961985,0.14370763,3
0.106260896,-0.43667412,2
0.66930413,0.6546345,1
0.3092724,-0.8095293,2
-0.089351535,-0.22904825,4
0.6871011,-0.8633174,1
0.92771995,0.57824063,1
-0.19130373,0.8357307,4
0.64315665,0.4144225,1
-0.9226861,-0.47268987,2
0.92041683,-0.6049373,1
-0.13600683,-0.6233313,1
0.28861606,0.49037755,2
0.43011773,-0.181983,2
0.7687751,0.43267715,1
0.7943375,-0.050338626,3
0.60645807,0.89525044,1
-0.17989671,0.25725162,1
0.12564313,0.5387621,2
-0.92648757,-0.8037199,4
0.6499351,-0.6023843,1
0.835279,-0.2798823,1
-0.64876056,-0.43880558,2
-0.5151243,0.5958326,2
-0.8746568,-0.26555216,2
-0.7200419,0.11344397,2
-0.91767836,-0.2637937,4
-0.66797817,0.7779995,2
-0.81761706,0.6653973,2
-0.13693964,0.8970914,4
-0.068988085,0.8447701,4
0.18225348,0.16450775,3
0.13865149,-0.09517658,3
0.34210372,0.8253156,2
-0.40150547,0.8196471,1
0.24692488,-0.37333405,2
0.47133136,0.3298366,2
0.75136626,-0.7438524,1
-0.69986725,-0.8797035,2
-0.3078227,-0.50401723,1
0.3017267,-0.8463776,2
-0.9366014,-0.06660509,4
-0.92762256,-0.3598857,4
-0.07446313,0.2279787,4
-0.44663155,0.8568311,1
0.91627395,0.015005112,3
0.26816952,-0.8297708,2
0.21829891,-0.70531106,2
-0.018005848,-0.41416585,4
-0.11533737,0.30317497,1
-0.6536343,0.5163542,2
0.9005772,0.4692527,1
-0.6442164,0.45516646,2
0.18102384,-0.87426984,3
-0.07795417,0.2499559,4
-0.19465244,-0.43363357,1
0.2068075,-0.2675159,2
-0.35609198,0.1249392,1
-0.031612158,-0.22773135,4
-0.3602301,0.9152763,1
-0.2202698,-0.76211214,1
-0.59643054,-0.670933,2
0.047124386,0.8794472,3
0.52652586,-0.63262796,1
0.071379304,0.4554751,2
-0.28921306,-0.6863867,1
0.4934224,-0.66058195,2
0.084861755,-0.5216657,2
-0.8151227,0.8335,4
-0.9269999,0.0033243895,4
0.59235847,0.12575197,1
-0.8895205,0.6551831,2
-0.3853929,0.5405375,1
0.06256604,0.72270215,3
0.957986,-0.098849654,3
0.16537237,0.52145827,2
-0.46663785,0.54855955,1
-0.054852843,0.47188044,1
-0.43767774,0.10289979,1
-0.79684484,0.5291605,2
-0.3293929,0.3298533,1
-0.3780563,-0.91362286,1
0.16040945,-0.4450823,2
0.73238873,-0.06603253,3
0.95085883,-0.31677985,3
0.28768802,0.93336785,3
-0.7810664,0.9157741,4
0.95985913,0.65063214,3
0.70376873,0.24591482,1
-0.32298112,-0.8962244,1
-0.12028885,0.46934545,1
0.8577149,0.2183615,3
-0.03742802,0.101296425,4
0.8050598,-0.3213979,1
0.97568274,-0.22548378,3
0.16282797,-0.8686389,3
-0.86485815,-0.441818,2
-0.29627323,0.5795741,1
-0.3341173,0.51261353,1
-0.05630803,0.12762868,4
0.16197038,-0.34359527,2
0.81349444,-0.24168408,1
-0.13282275,0.50602496,1
-0.44037533,0.6794597,1
0.16796994,-0.755901,2
-0.5889474,-0.9651011,4
-0.66560245,-0.6712861,2
-0.41100132,-0.10796833,1
0.57007265,-0.42425334,1
-0.26351106,0.76576173,1
-0.023182869,0.18911362,4
-0.38232815,-0.70818806,1
0.6201805,-0.7039648,1
-0.6706642,0.7026354,2
0.7977555,0.8381474,3
0.65574646,-0.42556667,1
-0.5569036,-0.5969031,2
0.49102247,-0.10175586,2
0.705413,0.13988578,1
0.39023685,0.28206837,2
-0.22835279,-0.67429054,1
0.76197827,-0.6787994,1
-0.6331234,0.63962007,2
-0.5168196,0.59322464,2
-0.21371484,-0.39744318,1
-0.16516685,0.96164656,4
0.2635578,0.9738941,3
0.6891774,0.93327355,3
0.73403394,-0.1823355,1
0.42086768,0.64083874,2
-0.8448442,-0.7106954,2
-0.30670023,0.9519179,4
-0.66827667,0.42463803,2
-0.7549337,0.48201263,2
-0.7294326,-0.028356194,4
-0.7402364,-0.43580973,2
-0.6489656,-0.116650105,2
-0.43417037,-0.9434955,4
-0.28200924,0.9342263,4
0.53370893,-0.78553176,1
0.23795438,0.13623643,3
0.39860857,0.58824646,2
-0.15719986,-0.5259968,1
-0.8471118,-0.70161736,2
0.13682091,-0.13262129,3
-0.031579494,-0.71860456,4
-0.43940306,-0.7236614,1
-0.79698586,0.7653836,2
0.26921153,0.21606195,2
-0.17558229,0.829993,4
0.05416906,-0.46591663,2
0.9899752,-0.6748791,3
-0.7394879,-0.34248066,2
-0.47962654,0.4751966,1
0.6469202,-0.65615094,1
-0.89592576,0.39368868,2
-0.28792274,-0.38291657,1
-0.2018373,-0.40523767,1
0.15165842,0.55215156,2
-0.68409634,0.94116855,4
-0.91552544,0.04998517,4
0.8070103,0.74109924,1
0.5424608,0.046358466,3
0.47042274,-0.2601968,2
0.78737974,0.6975533,1
-0.9505137,0.2883582,4
-0.5913409,0.12013793,2
0.73525393,0.16251755,1
-0.7357297,-0.97841513,4
0.465932,0.40565598,2
-0.6761782,0.99037707,4
0.31116962,0.6443981,2
0.8151436,-0.07782638,3
-0.6477996,-0.0573231,4
0.998932,0.8022996,3
-0.972806,-0.8048688,4
-0.08193886,-0.7397051,4
-0.3487004,0.99553716,4
0.88779247,-0.4682219,1
-0.8803023,-0.061709046,4
0.8904022,0.9349667,3
0.56773126,0.4149344,1
0.7740152,0.07860577,3
0.9343146,-0.4462415,1
0.8732841,-0.19418216,3
0.42401874,-0.6747532,2
0.79278123,0.5417528,1
0.29146576,-0.28755486,2
0.32768917,0.10541153,2
-0.7878783,0.8423884,4
0.32688558,0.17740321,2
0.8207272,0.11788261,3
-0.50158906,-0.8483112,2
-0.6118604,0.6098645,2
-0.734591,-0.13717103,2
0.6962302,-0.39286673,1
-0.3679824,-0.8505899,1
0.11690652,0.5166154,2
-0.77531266,0.023928046,4
0.8947383,-0.08613455,3
0.12760067,-0.33950853,2
0.39378572,-0.98312616,3
0.50507677,0.93151534,1
-0.6500021,0.1593281,2
-0.7458384,-0.073355556,4
-0.74582696,-0.15859425,2
-0.2066586,0.031223536,4
0.19140935,-0.087649345,3
0.5860629,-0.35625243,1
0.62692344,0.57114017,1
-0.08068097,0.5441345,1
-0.36797607,0.74738383,1
-0.11194813,-0.98411095,4
0.29611707,-0.46166003,2
0.33684635,0.96002877,3
0.010319114,0.6299887,3
-0.17606056,-0.04195845,4
0.9062841,-0.17289972,3
-0.57724404,0.2424066,2
0.9921646,0.17207003,3
0.5680984,0.16983843,1
-0.02058947,0.76410735,4
-0.8259157,0.57419825,2
0.0038368702,0.8245448,3
-0.8334795,0.46894324,2
-0.49224687,0.22222638,1
-0.5675435,0.2953472,2
0.59390056,0.41302,1
-0.675748,-0.74898505,2
-0.15531075,-0.6963688,1
0.37594497,0.31821764,2
-0.38877773,-0.9275459,1
0.18860507,0.23429024,2
-0.6634635,0.5258274,2
0.69252515,-0.24596012,1
-0.16165984,0.5996572,1
-0.34738207,0.75031734,1
0.42147624,-0.49693847,2
0.58557856,0.74337554,1
0.033861637,0.51788473,3
0.72082055,-0.24160612,1
0.7674186,0.29724944,1
-0.4392748,0.5558487,1
-0.78548217,0.73566186,2
0.55943346,-0.51022565,1
0.42885256,0.10669875,2
0.80459154,0.9091556,3
0.44695544,-0.41762686,2
0.99571204,0.16873062,3
0.973423,-0.23246205,3
0.8899505,0.15463054,3
-0.5787016,-0.7839608,2
0.43622243,-0.38893616,2
0.062186003,0.6619102,3
-0.47200215,-0.513589,1
0.64296806,-0.075907946,3
0.44141483,0.6666802,2
-0.93681085,0.058624506,4
-0.8626424,-0.34648824,2
-0.79379976,0.6758542,2
-0.476061,-0.5486381,1
-0.063765764,-0.34389699,4
0.11073589,-0.21111727,3
0.80215275,-0.5641844,1
0.13072276,0.103875756,3
0.8473779,0.15410066,3
0.8339728,0.91679,3
0.8664501,-0.7903079,3
0.22391355,-0.5919168,2
-0.24506962,0.049814343,4
-0.2514323,-0.54037344,1
-0.41453624,0.57064295,1
0.3933637,-0.96427476,3
-0.445583,-0.46435893,1
0.047584414,0.6375251,3
0.8575816,0.5009109,1
-0.98658836,0.3940754,4
-0.7218331,0.36998272,2
-0.043832183,0.038908124,4
0.24517035,0.78454363,2
-0.40070283,-0.89633095,1
-0.6840993,-0.10086167,2
0.9717338,-0.16261923,3
-0.5451087,0.89974415,2
0.22362125,0.98483014,3
0.65588856,0.027462482,3
0.92522,0.14013195,3
0.9484812,0.3847854,3
0.6208427,-0.9022641,1
0.74195457,-0.13538742,1
0.27361798,-0.22471988,2
-0.0869385,-0.010678887,4
0.43787825,-0.1407268,2
-0.30019248,0.022843957,4
0.6453283,0.46036327,1
0.009495854,-0.4266901,3
-0.018544197,-0.44904268,4
0.40687883,-0.9060422,2
0.33371532,-0.25856388,2
0.06926656,-0.32133698,3
0.76794374,0.63569665,1
0.1630534,0.7046416,2
0.1705606,-0.64799106,2
-0.77520704,0.97411656,4
-0.8010392,0.21720755,2
0.56538284,0.7305876,1
-0.99005234,0.71332157,4
-0.16492784,-0.63828063,1
0.76614666,0.7043941,1
-0.4019301,0.7439126,1
0.91443276,0.18221676,3
-0.992031,0.43371713,4
0.33105445,-0.71597373,2
-0.08027768,-0.42495716,1
0.05919099,-0.64986026,3
0.52244174,-0.81849265,1
0.23120129,0.15856385,2
-0.13692915,-0.010630131,4
0.35614884,0.20655787,2
-0.4815606,-0.61627495,1
0.23089266,-0.328009,2
0.7580532,-0.08937633,3
0.8489475,-0.6976414,1
0.44916034,-0.061583757,2
-0.33448422,-0.57496,1
-0.1526308,-0.6329514,1
-0.9590925,-0.81644714,4
0.47981548,0.5546404,2
0.5205723,0.27219903,1
0.28431237,-0.60689104,2
0.4919907,-0.6871295,2
-0.23100793,0.681739,1
0.6418015,0.6964158,1
0.48588967,-0.5114068,2
0.25708973,0.45660675,2
0.8831682,-0.6701062,1
0.7903217,0.47342193,1
0.4599414,-0.08137596,2
0.036797047,0.08634055,3
-0.028120637,-0.47650635,4
-0.16320324,0.7661209,1
0.63317907,0.13222325,1
0.2731378,-0.27008855,2
0.27049315,-0.47078788,2
-0.96878874,0.83049655,4
-0.82223904,0.8837216,4
0.8465767,0.40330708,1
-4.993677E-4,-0.2864015,4
0.98991776,-0.6319845,3
0.86722577,-0.7395568,1
-0.48306072,-0.7351173,1
-0.2063129,0.91036654,4
-0.19080317,-0.7744875,1
0.08831382,0.75173604,3
-0.20028615,-0.54440665,1
-0.5785048,-0.48453927,2
-0.45535207,-0.37793732,1
0.7934016,0.7385584,1
-0.4194708,-0.2763095,1
-0.2556492,0.17836916,1
-0.8116908,0.37336087,2
0.89898384,-0.66052437,1
0.4444331,0.87959754,2
-0.38232923,0.92104375,1
-0.7695199,-0.31235623,2
-0.08116233,0.41805792,1
-0.5670788,0.38644648,2
0.7497287,-0.2088238,1
-0.08919883,-0.9767941,4
0.46620703,-0.2616868,2
-0.25950098,0.46401966,1
0.4115044,0.7444737,2
0.34322178,-0.7739235,2
0.66754866,0.74892914,1
0.72388124,0.9686121,3
0.33009923,-0.64903665,2
0.8420651,-0.29255927,1
-0.49891424,-0.716261,1
0.52076745,0.008589864,3
0.10024989,0.13324952,3
-0.018521786,0.7739006,4
0.6066148,0.5849651,1
0.5614569,0.76518834,1
-0.9870722,0.8700359,4
-0.8118664,0.38969302,2
0.20871854,-0.51256144,2
0.30539525,0.31036067,2
-0.6730355,-0.9638829,4
0.9971241,0.6284919,3
-0.5462625,-0.6538724,2
0.646073,-0.6517501,1
0.6990949,-0.29956686,1
0.49357593,-0.13656056,2
0.6815584,-0.6540433,1
-0.3984748,0.754125,1
-0.26023352,0.6666714,1
0.91757727,0.34756875,1
0.9364786,-0.7979716,3
0.14400792,-0.4556123,2
0.47651172,-0.58370686,2
-0.07239783,-0.7472073,4
0.36711144,0.9400114,3
-0.678743,-0.5164783,2
0.8836373,-0.49825144,1
0.5976863,0.46415162,1
0.073497176,-0.5594094,2
0.18306184,-0.08138037,3
-0.42356372,-0.56196153,1
0.8661876,0.467026,1
-0.5697099,0.73851943,2
-0.5492842,0.6293936,2
-0.72992027,0.8536705,2
0.85904586,0.51854014,1
0.9480957,-0.3140452,3
0.35323036,0.49133468,2
-0.33219767,0.6874454,1
-0.7219691,0.9603925,4
-0.66926944,0.5213963,2
-0.39696646,-0.42804193,1
0.06994474,0.5554049,2
-0.12545037,0.008868933,4
0.5443883,-0.87031126,1
0.09519482,-0.08516848,3
-0.8151274,-0.937341,4
0.92215693,0.6488079,3
0.43538952,0.3351934,2
0.5880523,-0.28664613,1
0.37474084,-0.20229805,2
0.55599713,-0.6381954,1
0.71640384,-0.5606333,1
0.3594427,0.8360139,2
0.8835311,-0.9777813,3
0.86497843,-0.66504633,1
0.9867315,0.39563417,3
0.6315646,0.7371261,1
-0.5282638,0.657272,2
-0.29743755,0.524948,1
0.8604356,-0.4914211,1
-0.58116865,0.6718062,2
0.32152462,0.06715286,3
-0.67537284,-0.50663304,2
0.24681985,-0.64888716,2
0.37690258,0.8312129,2
0.078167796,0.35506523,2
-0.8320581,-0.71749866,2
0.3609507,0.71243405,2
-0.78259504,-0.47614896,2
-0.5420331,-0.5897908,2
0.35036933,-0.23292196,2
-0.8623775,0.8212166,4
-0.6983123,-0.14900553,2
0.9798695,0.7837162,3
-0.19601059,-0.10423386,4
0.38037193,-0.16738176,2
-0.8617196,-0.54094803,2
0.06741881,0.62127984,3
0.34491527,-0.97264254,3
0.19784737,0.6243355,2
0.68255424,0.89896965,1
0.019631624,0.3432169,3
-0.5613458,-0.829968,2
-0.93695617,-0.6839292,4
0.5734116,-0.117477536,1
0.16385531,0.5380863,2
-0.06256187,-0.65186274,4
-0.8233824,-0.3915782,2
0.7406591,0.29761922,1
0.88060415,-0.3761214,1
0.6460334,-0.45058084,1
0.7236959,-0.9686581,3
0.1780479,0.22950578,2
-0.8701668,-0.76881444,4
-0.7848878,0.74666643,2
-0.9156989,-0.50103974,2
0.1007905,0.4320215,2
-0.3899436,0.97564673,4
0.56634974,-0.658762,1
0.09071505,0.18669283,3
0.19269562,-0.29717386,2
-0.25382853,0.3123592,1
0.8209853,-0.95803523,3
0.020804405,-0.32178593,3
0.19688666,0.43878102,2
-0.6711936,0.50283146,2
-0.4663297,0.6714283,1
-0.8254589,0.5740019,2
0.71539855,0.28243542,1
-0.18254364,-0.62455034,1
-0.07400453,0.68263733,4
0.6016463,-0.69019306,1
-0.24322033,0.21783245,1
0.07163048,-0.47668505,2
-0.23082387,0.27263844,1
0.83149564,0.802539,3
-0.69285333,-0.2663839,2
0.58868504,0.85870504,1
0.58294666,0.8956106,1
-0.69787824,-0.2772951,2
0.99897456,-0.25631535,3
-0.7960321,-0.9687016,4
-0.102204084,0.7065108,4
-0.40664136,-0.31333005,1
-0.18677092,-0.1595949,4
-0.35164165,0.117694855,1
0.47025418,0.0073553324,3
0.53986895,0.46865952,1
-0.32572305,0.15266395,1
0.36023128,-0.79734683,2
-0.45398295,0.12173176,1
0.83300483,-0.54844534,1
0.7833401,-0.40920103,1
0.5133375,-0.0021396875,3
0.53327405,-0.71084297,1
0.8161522,0.9671768,3
-0.4149176,-0.4172783,1
-0.650964,0.48193502,2
0.7786852,-0.8505877,3
-0.16358852,-0.07909894,4
0.37325406,-0.4596963,2
-0.40922546,-0.3042401,1
0.5310267,0.1779958,1
0.73617375,0.152071,1
0.71513844,-0.7576318,1
-0.02933836,-0.7098726,4
-0.36739314,0.037359238,4
0.85135114,-0.64916337,1
-0.8891206,0.08039284,4
-0.28756797,0.19807458,1
-0.0038701296,-0.7754003,4
-0.77127445,-0.96632993,4
0.6025944,-0.3147055,1
-0.80794346,-0.10782623,4
-0.49523556,-0.37519848,1
0.6830816,0.07396126,3
0.40950513,0.8384342,2
-0.063298345,-0.91256595,4
0.6157508,-0.37976575,1
0.7854948,-0.40926886,1
-0.9108522,-0.23275506,4
-0.37530065,0.46336317,1
0.6529597,0.2591318,1
-0.092654824,-0.38235748,1
-0.7889483,0.9356493,4
-0.1863637,0.0041263103,4
0.5413928,0.6537882,1
-0.9596646,-0.093868494,4
-0.9218967,-0.73829603,4
-0.24937034,-0.106369495,4
0.56669545,-0.7437717,1
-0.7290102,0.4606173,2
-0.35785902,0.32966745,1
0.8083068,0.5527545,1
-0.36467385,0.95072055,4
0.5088177,-0.03960359,3
0.4341551,0.6109587,2
0.84195924,0.36883402,1
0.46610963,0.005918026,3
-0.6494744,0.09196091,2
-0.9342061,0.96823704,4
0.077796936,0.9429016,3
-0.8385228,-0.15456927,4
0.80836844,0.99712574,3
0.65770507,-0.21090078,1
0.019178271,-0.7319262,3
-0.31322694,0.3241433,1
0.038927555,-0.46351206,3
0.41157198,0.98065674,3
0.29714823,0.15286672,2
-0.071410775,-0.26138663,4
0.17931509,-0.12561679,3
0.4665295,0.75352097,2
-0.6064329,0.4161116,2
0.20816445,0.15339613,3
0.9309981,-0.9893553,3
-0.83302665,-0.36651134,2
-0.2704327,0.90553534,4
-0.6065359,0.7911614,2
-0.3728546,0.31610942,1
0.9176072,0.46148956,1
-0.26097226,-0.77004325,1
0.08363414,-0.7870194,3
0.17760181,-0.12704086,3
-0.08710444,-0.7228837,4
-0.76379085,-0.75455403,2
0.73210156,-0.1938206,1
-0.49370515,-0.5223775,1
-0.7980782,-0.07166743,4
-0.36135364,0.7986789,1
-0.9703294,-0.29933262,4
-0.1209147,0.53310704,1
-0.21402049,-0.99029016,4
-0.5791527,-0.9938853,4
-0.61345494,-0.34933054,2
0.8657757,0.73926747,1
0.745049,-0.69618094,1
-0.4487002,0.435511,1
-0.067720294,-0.3526975,4
0.58819234,0.48366082,1
0.7506447,-0.714839,1
-0.39525568,-0.0433172,4
-0.90475094,0.06845331,4
0.37695944,0.14227784,2
-0.2536571,-0.5567095,1
0.74361825,0.74130535,1
0.5282922,-0.9740677,3
-0.0072090626,-0.8814204,4
-0.9363705,-0.8084494,4
0.8270358,0.9169456,3
-0.08522141,-0.764109,4
0.1638236,0.38091195,2
0.78953433,0.9501045,3
-0.46738243,-0.28159642,1
0.019409418,-0.7829925,3
-0.6512792,0.50250673,2
0.81384933,0.6267098,1
-0.43406177,-0.37016964,1
-0.75934494,-0.08803892,4
0.35597932,0.76492536,2
0.6575515,0.16595566,1
-0.21568751,0.9739853,4
-0.12319875,0.9312295,4
-0.26692438,-0.2450664,1
0.9203845,0.097439766,3
-0.62390435,-0.3196193,2
-0.6648408,0.53426313,2
0.68478715,0.06644368,3
-0.015622377,0.08563411,4
-0.88637614,-0.44804394,2
0.5940685,0.19159997,1
0.68823326,-0.78670394,1
-0.5285901,-0.6310495,2
0.13737631,-0.7496861,2
-0.63009465,0.11250579,2
-0.057121873,-0.33470356,4
0.87675655,0.67278457,1
0.73089254,-0.56756175,1
0.64638114,0.4762373,1
0.3269446,-0.9609376,3
-0.21311975,0.6910814,1
-0.8895687,0.997211,4
0.4909984,0.27104187,2
0.62738967,0.90687597,1
-0.8614392,-0.44676948,2
-0.6196883,-0.7620733,2
0.41360724,-0.37647736,2
0.46879494,-0.56912184,2
-0.91221726,0.82786787,4
0.4943292,0.84740365,2
0.9145858,0.29201543,3
0.5872302,-0.913417,1
0.23063111,0.56242216,2
0.3155918,-0.8148279,2
0.32524216,0.6011369,2
0.87834966,0.10882819,3
-0.84523106,0.6170136,2
0.68157816,-0.0083806515,3
0.56061864,-0.48931968,1
-0.0053157806,0.97492135,4
0.5989046,0.12357497,1
0.7581675,0.82185423,1
0.98495317,-0.25944805,3
-0.82470286,-0.7661201,2
0.8589796,-0.71416605,1
0.90584815,0.87244904,3
-0.7673677,-0.08554578,4
0.4616711,-0.7026949,2
0.5036392,-0.066942096,1
-0.21673667,-0.41289198,1
-0.46745014,0.53853905,1
-0.5130986,0.4265697,2
0.94787407,-0.74976933,3
-0.5222943,0.45269668,2
0.8513601,0.29727137,1
-0.3790306,0.08263993,1
0.9825511,0.9295951,3
-0.92087376,0.7349644,4
-0.99880505,-0.3727448,4
-0.5869235,-0.95100534,4
-0.031122327,-0.3767388,4
0.30367434,0.55367684,2
0.7499933,-0.1792053,1
0.99272,-0.7052587,3
0.08067465,0.02384448,3
-0.4752586,-0.34023106,1
-0.07233429,0.014472723,4
-0.62560403,-0.5858269,2
0.71365786,-0.8401334,1
0.8839321,-0.44747996,1
-0.4611014,-0.6659484,1
-0.543481,-0.33934832,2
-0.020241022,-0.43508613,4
-0.9686599,0.1626401,4
-0.026519775,-0.80448914,4
0.9133482,-0.913165,3
-0.93415606,-0.13568294,4
-0.5160403,0.22755027,2
-0.4523945,-0.69694555,1
-0.8505846,-0.89007926,4
-0.8399868,0.02037859,4
-0.4069841,0.69803023,1
-0.18529963,0.23843634,1
-0.980847,0.9397057,4
-0.36499918,0.98694205,4
-0.3245486,-0.9592054,4
0.35187793,-0.2980311,2
-0.88987696,0.73890924,4
0.22701192,0.8463625,2
-0.008241534,-0.8605479,4
0.058224082,0.44409084,2
0.046449304,0.12934649,3
-0.9403293,-0.36329734,4
0.9418007,0.6466918,3
0.39368057,-0.2826066,2
0.48976243,0.7141794,2
0.53657615,-0.97575545,3
-0.89778066,-0.89656794,4
0.44237936,0.6825117,2
-0.7018331,-0.34438872,2
0.3622942,0.7361733,2
0.5434742,-0.08394337,1
0.20185328,-0.38268924,2
-0.35055804,-0.97096455,4
-0.74956155,-0.7594454,2
-0.7584784,-0.629246,2
-0.92036796,-0.9926944,4
0.8428966,0.6687856,1
0.23882437,-0.45450783,2
0.33858478,0.26436806,2
-0.77869403,-0.36372495,2
-0.035006404,0.5272764,4
0.95550776,0.18661976,3
-0.49057424,0.44405544,1
-7.786751E-4,0.64953995,4
0.63706934,0.1884681,1
-0.33415508,0.48184395,1
0.7539792,-0.4265604,1
0.7585472,-0.77160287,1
-0.34082675,0.10822165,1
0.47954512,-0.04547608,3
-0.43583465,0.7808387,1
-0.25246632,0.992712,4
0.5222565,-0.6017417,1
0.7080065,0.46103692,1
0.60214865,-0.5044631,1
0.05135703,0.5396894,3
-0.51835907,0.5270754,2
0.036063313,0.0059438944,3
0.7792629,-0.25904012,1
0.30402875,0.6303607,2
-0.8320937,0.18031096,4
0.90859246,-0.5122615,1
-0.06072104,0.42900336,1
0.97041917,0.4513346,3
0.5570302,-0.29531085,1
0.331262,-0.3095764,2
0.22664046,0.7876574,2
0.07053006,0.1078825,3
0.5298263,0.053823113,1
-0.8539729,-0.27907062,2
-0.34025037,0.9544575,4
-0.63927746,0.045438528,4
-0.77857804,0.9607867,4
-0.23418808,-0.21035063,1
-0.5686636,0.9811839,4
-0.80830884,0.45011294,2
0.8947257,0.18151295,3
-0.66086113,0.74113977,2
0.022396684,-0.9793756,3
-0.46945333,0.84483266,1
0.16753352,0.08471334,3
0.36430037,0.064288616,3
0.34314167,-0.69589806,2
-0.0355469,0.07623863,4
0.08112967,-0.3918451,2
0.8839909,-0.7539681,3
0.8038496,0.6688626,1
0.89584196,-0.3215152,1
-0.28106332,-0.3422277,1
-0.4348501,0.2799549,1
-0.5295335,0.8573084,2
-0.405699,-0.7964008,1
0.8669783,-0.60476756,1
-0.7949089,-0.09911263,4
0.2742566,0.5854503,2
0.28781855,0.5240841,2
-0.44638455,-0.45879006,1
-0.4961766,0.68886054,1
-0.37824798,0.4658482,1
-0.94386244,-0.6580546,4
-0.785777,0.8157722,2
0.30379558,0.57056665,2
0.69071054,-0.7293067,1
-0.06844461,0.17936134,4
-0.30282164,0.9439138,4
-0.07787228,0.4437214,1
-0.80026233,-0.26641858,2
0.31758142,-0.020288467,3
0.3607316,0.2734207,2
-0.31328428,-0.34050083,1
0.5036862,0.11391544,1
-0.3965577,-0.8862939,1
0.10603595,-0.016115785,3
-0.66357124,0.9204743,4
-0.5061022,0.08576393,2
0.6825056,-0.936131,3
0.34981608,0.10982692,2
0.55694354,-0.21373129,1
-0.028195858,0.16339684,4
-0.024732947,-0.6483544,4
0.66085637,-0.8424572,1
-0.40241063,-0.57362926,1
0.9163599,0.8386071,3
-0.48737252,0.37492025,1
-0.932305,0.96439314,4
0.6509062,0.51935613,1
-0.61976874,0.8803195,2
0.65276194,-0.26025498,1
-0.109387755,-0.36905813,1
-0.5245557,-0.7299913,2
-0.3733834,-0.16512322,1
-0.91503656,-0.6014031,2
-0.64079714,-0.14954388,2
-0.39633572,-0.59939873,1
-0.44196784,-0.3342142,1
0.91641915,-0.5515053,1
-0.7524693,-0.2330668,2
-0.59937656,0.6698662,2
0.4903438,0.6845952,2
-0.15704083,-0.20417464,4
-0.7079412,0.6119621,2
-0.7745372,0.98294795,4
0.88978314,-0.5500312,1
-0.32760978,-0.9392568,4
0.25325954,-0.19763637,2
-0.0034641027,-0.52210236,4
0.8176383,-0.8500929,3
0.7991111,-0.92747974,3
-0.8599926,-0.075303435,4
-0.42764843,0.10903311,1
-0.4832393,0.13246107,1
-0.37871957,-0.90175664,1
0.33656073,-0.9106438,2
-0.46567202,-0.8052436,1
-0.1740135,-0.2868253,1
0.34688723,0.5507704,2
-0.8448554,0.5061331,2
0.19368458,0.15718305,3
-0.07698107,0.16287994,4
-0.8473482,0.33786845,2
-0.31715405,0.81474113,1
-0.056372404,0.25320578,4
-0.7267225,-0.13263857,2
-0.76023555,-0.7570212,2
0.69973993,-0.30203795,1
0.4393114,-0.51862025,2
-0.39833403,-0.9492036,4
-0.026954174,0.7690654,4
-0.084135294,-0.3883015,1
-0.4881134,-0.9537189,4
-0.79382825,0.16776907,2
-0.0048089027,-0.26948142,4
-0.19213092,0.08536315,4
-0.7907256,-0.22824073,2
-0.0033460855,0.09404564,4
0.9753399,0.5441055,3
-0.06814158,-0.022323966,4
0.9051348,-0.32323492,1
-0.73086035,0.58418953,2
-0.5187105,0.64846873,2
0.74716747,-0.68291724,1
-0.9711772,0.5622053,4
0.41539323,-0.88551426,2
-0.642751,0.77269554,2
0.7064928,-0.08735752,3
-0.3570423,-0.095460534,1
0.51948106,0.19253433,1
-0.055889964,0.8779913,4
-0.34898043,0.7903811,1
-0.16844368,0.61159873,1
0.10750604,-0.5097364,2
0.49678528,0.512511,2
-0.6051185,0.6917417,2
0.6605097,-0.7316253,1
-0.8063611,-0.25499618,2
0.2332493,-0.9520875,3
0.79149485,-0.6350926,1
0.33351207,-0.6147113,2
0.20502794,0.27365327,2
0.59248805,0.8072163,1
-0.45498776,0.18640816,1
-0.90962327,-0.14127874,4
0.37011886,-0.84214056,2
-0.5163541,0.44707012,2
0.5633427,0.7695713,1
-0.61899483,0.36334395,2
-0.28062594,0.68352747,1
0.5762372,-0.8764696,1
0.7448896,-0.35199332,1
-0.10290086,0.71806335,4
-0.025671363,0.4558606,4
0.011363745,-0.05100894,3
0.7493603,-0.13353252,1
0.15503812,0.40215087,2
0.2903793,0.76152563,2
0.30646205,0.038905382,3
-0.47629464,0.36805928,1
-0.5028305,-0.6545999,2
0.07064843,-0.7875706,3
0.6811793,0.050459623,3
-0.862555,-0.5640805,2
0.6150888,-0.12408304,1
0.8827269,0.48098075,1
0.54955757,0.5313765,1
-0.17264962,-0.8708786,4
0.9973148,0.2814138,3
0.88704467,0.024604917,3
0.5037811,-0.37446034,1
0.059642434,-0.35329533,3
0.06509161,0.8246455,3
0.12507665,0.09766698,3
0.7573222,0.7231469,1
-0.11142063,-0.13962972,4
-0.81612074,-0.7491101,2
-0.48245835,0.061850786,1
0.7203976,-0.50338554,1
-0.07649362,0.87552094,4
0.22442305,0.8351412,2
0.48720646,-0.9685676,3
-0.85177267,-0.5705277,2
0.81214154,-0.58803284,1
-0.103883505,-0.16104972,4
-0.25213945,-0.7722231,1
0.13266289,-0.57599545,2
-0.69392097,-0.9602395,4
-0.31329453,0.8816116,1
0.99047816,-0.9322239,3
0.10033369,0.36440384,2
0.6951897,-0.13774312,1
0.91620624,0.17766249,3
-0.050459146,-0.026160598,4
0.93553555,-0.38427222,3
-0.31919372,-0.892349,1
-0.85076094,-0.1475749,4
-0.35305762,0.16843593,1
0.36366498,-0.6450448,2
0.6032798,0.27186704,1
0.008807182,-0.38041222,3
0.4878558,0.30408072,2
0.8110806,0.35896325,1
-0.65229976,0.9498278,4
-0.70412135,0.989589,4
-0.677608,-0.31995368,2
0.09985149,-0.58474576,2
-0.77772534,-0.7012315,2
0.2429583,-0.12517059,3
0.5888332,0.009971261,3
-0.45907116,-0.12521768,1
-0.36293852,0.19639885,1
-0.2838372,-0.03249085,4
-0.78132045,0.22993028,2
-0.7431418,-0.9677566,4
-0.49353778,0.58836067,1
-0.7708589,-0.41185498,2
-0.8893033,0.67441726,2
0.8952253,0.9977075,3
0.95707273,-0.7364341,3
-0.25648773,0.8375958,1
0.6706095,0.09808791,1
0.28660715,-0.48551083,2
-0.8567964,-0.6473563,2
-0.59568393,-0.16731513,2
0.16503704,0.4839952,2
-0.9441205,-0.21833539,4
0.7555777,0.21386313,1
0.59530735,0.56527483,1
0.4527179,0.35444343,2
0.71330786,-0.24433434,1
-0.8455796,-0.94745994,4
0.99774444,0.49691832,3
-0.96697116,-0.6115227,4
-0.66807044,-0.36611235,2
-0.033643246,-0.3859228,4
0.69765794,-0.61403036,1
-0.7087476,-0.44958675,2
-0.4396907,-0.73572695,1
-0.5447631,-0.40257227,2
-0.18959069,0.04131174,4
0.3220018,0.6467085,2
-0.575166,-0.9216589,2
-0.9897877,0.054910064,4
0.5776783,0.7066158,1
-0.22333491,-0.74614143,1
0.14328372,0.8111534,3
0.69008696,0.97594845,3
0.44084764,-0.3986807,2
0.8076832,-0.7021009,1
0.0015017986,-0.24977934,3
0.92117584,-0.5035529,1
0.20607913,0.77926934,2
0.3719306,0.2164836,2
0.23755658,0.54636765,2
0.16659915,0.73215246,2
0.09020567,0.9132502,3
-0.09258044,0.59739494,1
-0.16712546,-0.2769035,1
-0.3318497,0.103494525,1
0.17289007,0.8733728,3
0.71200144,-0.5372572,1
-0.8726059,-0.06300521,4
0.20757425,0.2010423,2
0.57933116,0.039574385,3
-0.770306,-0.044012904,4
-0.74412656,-0.22974038,2
0.24229896,0.73484576,2
0.5791241,-0.826759,1
-0.11028612,-0.91068065,4
-0.45493793,0.37741685,1
-0.25863612,0.91757953,4
0.710713,-0.62977123,1
-0.8547509,0.42182493,2
0.21652198,0.66183555,2
-0.41950655,-0.24945688,1
0.027196646,0.12732923,3
-0.07654309,0.06423795,4
-0.99253345,-0.17634857,4
0.4509666,-0.88678527,2
-0.39191663,0.8764874,1
0.82512903,0.24399364,1
-0.3479414,0.09922683,1
-0.10486472,-0.6988071,1
-0.40708733,-0.5241543,1
-0.89808464,0.81467247,4
-0.44180882,-0.696705,1
-0.69784856,0.71400523,2
0.16649282,0.093957305,3
0.69095325,-0.4431808,1
-0.53014886,0.38844693,2
0.4806602,0.7634003,2
-0.83816695,-0.3167287,2
0.40120173,0.89251447,2
-0.577258,-0.34736168,2
-0.22907674,-0.2456181,1
0.24567127,0.81126344,2
0.72273326,-0.27603614,1
0.8809253,0.45390856,1
0.56704104,-0.51461565,1
0.012834072,-0.9976505,3
0.6696876,0.5067611,1
0.58481216,-0.667482,1
0.5906397,-0.37937188,1
-0.26051223,0.9409834,4
0.56954765,-0.61862636,1
-0.6540803,0.29422867,2
0.29059923,-0.49316382,2
0.03167069,-0.10389161,3
0.77584827,-0.7882123,1
0.7913811,0.6744654,1
-0.66090417,-0.9618676,4
0.1543225,0.549397,2
-0.091616035,-0.28185844,4
0.8912808,0.48161232,1
-0.64756083,-0.5829176,2
0.4373585,-0.95552313,3
-0.5855682,-0.45943308,2
0.99445796,0.40871596,3
0.68588614,-0.7835206,1
-0.1708399,-0.47838926,1
-0.0035368204,0.034347534,4
-0.9464915,-0.19362187,4
-0.5651839,-0.98438215,4
-0.59581566,-0.3379414,2
-0.23373353,-0.12810409,4
-0.26271665,0.8256419,1
-0.37964296,-0.93356156,4
0.43022168,0.83862126,2
-0.13764131,-0.8850609,4
0.20926785,0.6681875,2
0.945752,0.93906736,3
0.46216035,-0.64637446,2
0.70701814,-0.6793047,1
0.4928018,0.4221692,2
0.4804635,-0.0970844,2
0.85294354,-0.057120085,3
-0.9187802,0.458714,2
-0.45082486,0.31554198,1
-0.8377893,-0.08135772,4
0.058732152,-0.7661061,3
0.76021063,-0.059558153,3
0.46221757,-0.61525655,2
-0.8971585,-0.4520707,2
-0.83588207,-0.83107984,4
-0.4205836,-0.098531365,1
0.45307505,0.53510725,2
-0.65785503,0.8321518,2
-0.8354454,0.53814435,2
-0.5101795,0.026797295,4
-0.15855527,-0.23959422,1
-0.08559227,0.24767339,4
-0.28299248,0.71561193,1
-0.58608663,0.67237306,2
0.524619,0.89243114,1
0.8757285,-0.7853676,3
0.3061478,-0.54975,2
-0.47223985,0.81149626,1
-0.93673337,0.66754127,4
0.28580105,-0.68227136,2
-0.92775464,0.13660347,4
-0.02831006,-0.57736325,4
0.042957664,-0.8743862,3
-0.9539156,0.3916583,4
-0.09175515,-0.62532616,1
0.9315616,-0.66444516,3
0.02301538,-0.60213685,3
0.9669776,-0.06951225,3
0.857334,0.82551455,3
0.53451514,-0.734473,1
-0.91063976,0.79349613,4
-0.5301759,-0.10060489,2
0.32864523,0.37899816,2
0.0675714,0.790864,3
-0.20441628,-0.23880565,1
-0.0747298,-0.041147113,4
0.19755578,0.47244346,2
0.6543921,0.36680126,1
0.106573105,0.77992606,3
0.7877071,0.35545874,1
0.46838462,0.03354907,3
-0.2850275,0.119228005,1
-0.14841676,-0.47538972,1
-0.59377205,-0.70972824,2
0.8511063,0.96834993,3
-0.7150161,-0.87538147,2
-0.85126984,-0.24433339,2
-0.32426333,0.44464254,1
0.34003592,0.37467837,2
-0.41405725,-0.84208715,1
0.28046048,-0.70249665,2
0.5375453,0.5251725,1
0.6812644,-0.2661246,1
0.11433327,-0.5220101,2
-0.4203726,-0.80049074,1
0.747002,0.18357587,1
-0.523049,0.21826458,2
0.9572636,0.12076473,3
-0.971617,-0.28586614,4
0.29639494,0.47385967,2
-0.40158927,0.9491663,4
-0.95581067,0.38283134,4
0.4771744,-0.91984797,2
0.41457903,-0.8716253,2
-0.4337411,0.54999673,1
-0.39130795,0.703964,1
0.65870917,0.26522803,1
0.16047657,0.3659364,2
0.60470736,-0.33874106,1
0.26125216,-0.0053174496,3
0.50183475,0.8004081,1
0.28580546,0.6893487,2
0.18843043,-0.7809974,2
-0.23659217,0.6054733,1
-0.35714734,-0.36981344,1
0.2630936,-0.8136884,2
-0.9257488,0.24559128,4
-0.15435016,-0.40284753,1
0.48686874,0.5053055,2
0.15823781,0.21682596,2
-0.9537771,-0.33861578,4
0.225847,-0.25275362,2
-0.3106439,-0.13853371,1
-0.62742853,-0.94814193,4
-0.09848726,-0.8017967,4
0.36195886,0.81515527,2
0.50818956,0.35564113,1
-0.8123921,-0.97784114,4
0.5658175,0.8802233,1
0.41223764,0.9892571,3
-0.8810165,-0.7273029,2
-0.48367178,0.042781472,4
0.65087533,0.73518753,1
0.37808132,0.15199864,2
-0.30835283,-0.13144922,1
0.298087,0.99797285,3
-0.74703896,0.40861833,2
0.46914685,0.6244124,2
0.7936479,-0.6179037,1
0.5699117,0.40276456,1
-0.659917,0.17595434,2
-0.6427094,-0.61061275,2
-0.48444915,-0.07334125,1
-0.59482646,-0.99827933,4
0.68692577,0.48231745,1
0.17535317,0.44341207,2
-0.39301753,-0.23725605,1
0.6313149,0.5219474,1
-0.009585857,0.5868716,4
0.86875916,0.8894037,3
-0.13375688,0.5573697,1
-0.4784857,0.6666051,1
-0.4649018,0.14850712,1
-0.17764246,-0.34138334,1
-0.9556291,-0.84871936,4
0.5008818,-0.38319218,1
-0.42360973,0.6618444,1
-0.43812048,-0.66247034,1
-0.39546072,0.0838629,1
0.31597292,-0.19606745,2
0.47101128,0.5373219,2
0.7688434,-0.52401304,1
0.82024765,-0.3334093,1
-0.9128829,0.5210037,2
0.50783336,0.31639457,1
-0.15030766,-0.03423071,4
-0.09915805,-0.25064528,4
0.19625878,0.060958862,3
0.37863076,-0.9773642,3
-0.13560021,-0.3958429,1
0.10048163,-0.5099665,2
-0.94128895,0.50123894,2
-0.7229153,0.97180426,4
0.7467333,-0.20506215,1
-0.90325344,0.41618955,2
0.48542666,-0.0017077923,3
0.72570896,0.49869776,1
0.4378202,0.4897046,2
-0.68234456,-0.14121568,2
0.5630932,0.51221704,1
0.40419745,0.005885482,3
-0.1933893,0.9351779,4
0.35094714,0.4413221,2
-0.23743773,-0.74908745,1
-0.51098096,0.4991758,2
-0.9547118,-0.43232167,4
0.08705163,0.72384965,3
-0.6681731,-0.19525588,2
-0.6870853,-0.653062,2
-0.39537156,-0.51623464,1
-0.17274249,0.32975423,1
0.9379636,-0.063126564,3
0.5142807,-0.61483026,1
-0.32623577,0.3164481,1
-0.768839,-0.07568419,4
-0.00684309,-0.69895685,4
0.27024686,0.6874579,2
0.7107638,0.059268117,3
-0.31744158,0.26748812,1
0.1331327,-0.022254825,3
0.69359183,-0.67124355,1
-0.40511584,-0.59406173,1
-0.5794772,-0.77060306,2
-0.08797753,-0.34865618,1
0.022459745,0.29416037,3
-0.40168452,0.5111203,1
0.61248446,-0.86444116,1
0.9358896,-0.50513446,1
-0.1568234,0.31862998,1
-0.4353162,-0.27169263,1
-0.5612892,-0.9001571,2
-0.6221502,0.38580763,2
0.26028657,0.8908776,3
0.4335327,-0.15632713,2
-0.78733754,0.10670817,4
0.10091984,-0.0545429,3
0.66426396,-0.08560109,1
-0.43553948,-0.39986372,1
-0.42072272,0.52027,1
0.4604342,-0.9241457,2
0.54617584,0.590896,1
0.1915375,0.8937855,3
-0.08668566,0.42626238,1
-0.73392975,0.16267574,2
0.6699084,-0.023896933,3
-0.22191417,0.9251889,4
0.18246758,0.7539767,2
-0.6457734,-0.08105159,2
-0.16361189,-0.64470625,1
-0.95614517,-0.19898021,4
-0.25496376,-0.5212225,1
-0.24529648,-0.036346912,4
0.4605658,0.095512986,2
-0.99892056,-0.3931955,4
-0.18048227,0.3718078,1
-0.46866536,-0.33908856,1
-0.76924646,-0.046157837,4
0.46286023,0.80949914,2
0.69356775,-0.25798714,1
0.03442514,0.48959327,3
-0.76876414,-0.044226408,4
-0.82324016,-0.0010112524,4
0.13234782,-0.5933713,2
-0.47644675,-0.7301793,1
-0.9170965,0.90503275,4
-0.011539817,-0.5595058,4
0.9013623,-0.2702042,3
-0.09750509,0.9419887,4
0.8929858,-0.65404415,1
-0.7452183,-0.31473863,2
0.83646226,0.9849725,3
-0.34626448,0.27555716,1
0.10378802,-0.62820685,2
0.102315426,-0.4252001,2
0.4737717,0.52534246,2
-0.031764746,-0.12098336,4
0.6916648,-0.94292307,3
0.06737399,-0.62567306,3
0.8948722,-0.7125777,3
0.53681684,-0.81093466,1
0.591292,0.4894538,1
-0.8450788,0.48396456,2
0.14765775,0.0065926313,3
-0.49725044,-0.26382184,1
0.7066251,0.38615394,1
0.41859007,-0.79837203,2
0.37084985,-0.8107083,2
0.67080486,-0.08461177,3
0.41876256,0.10252774,2
0.79085624,0.34943342,1
-0.41975677,-0.63487446,1
0.22626221,-0.26475668,2
-0.88774145,-0.5251485,2
-0.9181162,-0.7741549,4
-0.03267181,-0.5668347,4
0.93804824,0.5745381,1
0.9152596,0.38686728,1
0.81751394,-0.69132924,1
0.5160142,-0.9797834,3
0.103393435,0.84556496,3
0.5851649,-0.7907131,1
-0.09867692,0.4094062,1
-0.23924029,-0.3151375,1
0.33709562,-0.3557322,2
0.2703433,0.33375835,2
0.9626256,-0.43267894,3
0.58948696,-0.470402,1
-0.28331912,0.9618218,4
-0.2602389,-0.092445135,4
-0.30824685,0.872066,1
-0.8627554,0.32438612,2
-0.23454201,0.83880305,1
0.5962099,-0.4274838,1
-0.5341071,0.61647403,2
0.021651506,-0.40151346,3
0.28866136,0.96225584,3
-0.024853706,0.52153444,4
-0.8667766,0.70662034,2
0.43874252,0.32341897,2
-0.8264127,0.6375996,2
-0.7200122,0.508144,2
0.9500365,0.09409249,3
-0.03209555,-0.21155989,4
0.9228238,0.8114655,3
0.61603355,0.57954085,1
-0.64501154,-0.8541839,2
-0.6728203,-0.9390687,4
-0.089616776,0.8781874,4
-0.240991,0.25061893,1
0.51657784,-0.6703296,1
-0.22471666,-0.97239435,4
-0.8662523,-0.62818396,2
-0.26943767,-0.40361536,1
-0.5956024,0.3695203,2
-0.62573576,0.42846072,2
0.5805402,-0.67283607,1
-0.64813507,0.31236458,2
-0.48833513,-0.8888209,1
0.9068159,-0.4760784,1
-0.76326203,0.08753097,4
0.50780225,-0.8225999,1
0.29598427,0.74121046,2
0.8848214,0.076627016,3
-0.7659515,-0.35660064,2
0.2780621,0.5504762,2
0.9072528,-0.2866336,3
-0.2092048,0.18283689,1
-0.33273017,-0.79447246,1
-0.42223704,-0.45699346,1
-0.16393185,0.76284826,1
0.4614625,-0.84555435,2
-0.79183877,0.6475166,2
0.49908805,0.330258,2
0.7429557,-0.2735287,1
0.3527949,-0.8688911,2
0.8005551,-0.3029436,1
0.15672016,0.7003633,2
0.9181824,-0.4627999,1
0.3183993,0.39300132,2
0.44213855,-0.68829215,2
-0.48629808,0.38663816,1
0.57387793,0.724416,1
-0.5117644,0.4482429,2
-0.65845597,0.54421043,2
-0.59932756,0.9886836,4
0.4846387,0.026666403,3
0.8522155,0.88504386,3
0.58508396,0.3839507,1
0.74026024,-0.63997996,1
0.36974072,-0.6884625,2
-0.76668453,0.7071357,2
-0.14432669,-0.44463587,1
-0.15025985,0.2247659,1
0.84954274,-0.10231829,3
0.47741032,0.41207027,2
0.7171831,0.060685992,3
0.6188915,-0.51686335,1
-0.18938589,0.5869224,1
-0.10788143,-0.5745139,1
0.510674,0.37360573,1
-0.65368104,-0.82468975,2
-0.42142832,-0.7602509,1
-0.7654768,0.67045426,2
-0.99534094,-0.37797952,4
-0.93366766,0.3954667,2
0.424569,-0.4345938,2
0.8777112,0.029534578,3
0.59975183,0.8422252,1
0.30980122,-0.4174236,2
0.62082756,0.9481703,3
-0.821344,-0.751814,2
0.10875511,-0.55648434,2
0.41623712,0.56177795,2
-0.48744047,-0.40569973,1
0.5250405,0.43169343,1
-0.083548546,0.39132106,1
-0.24932313,-0.5300485,1
-0.111922026,0.059535623,4
-0.9437988,0.70378494,4
0.66905904,0.29862726,1
0.47777343,0.2713585,2
-0.69414985,-0.69509053,2
0.6334475,0.82363296,1
0.5515183,0.6095865,1
-0.093173146,0.9539863,4
0.97669697,0.8290336,3
-0.72240746,-0.40105247,2
-0.31851947,-0.6341448,1
-0.15468371,0.6944989,1
-0.698701,0.13790119,2
-0.003393054,0.7863822,4
0.18206978,-0.3346604,2
-0.11517835,0.28946388,1
-0.7723808,0.83864665,2
-0.30611277,0.83649385,1
-0.9088056,0.854669,4
0.09205365,-0.027211785,3
0.21980977,0.9815905,3
-0.322294,0.31901014,1
0.42338824,-0.25914037,2
-0.81096363,0.37406325,2
0.8196182,-0.07471001,3
-0.815006,-0.8448266,4
0.42086172,-0.3357302,2
-0.019684315,-0.18021464,4
0.5332658,0.9622021,3
-0.7123252,-0.11255157,2
0.31364954,-0.8559098,2
0.521397,0.43918002,1
0.09122324,0.21796286,3
0.5673598,0.13289428,1
-0.24555731,0.9892515,4
-0.6785605,0.60862994,2
-0.9947424,-0.07482743,4
0.024281502,-0.9049827,3
-0.4981029,-0.7382258,1
-0.26543224,0.15346646,1
0.78658617,0.07296789,3
0.8289263,-0.45006204,1
-0.10308802,-0.71377575,4
0.6179836,-0.57684696,1
-0.8090836,0.6465553,2
0.7299042,0.07621908,3
0.20957732,-0.9819188,3
-0.6786053,-0.13434517,2
-0.579389,-0.8037337,2
-0.80083025,0.46372116,2
-0.9698098,0.51546216,4
-0.878898,0.04905212,4
0.34116793,-0.6864096,2
-0.27420866,0.21536028,1
-0.46405482,0.002791047,4
0.3234148,-0.78677595,2
-0.5413419,0.74202836,2
0.062036037,-0.15333104,3
-0.31439614,0.07163775,4
0.43589365,0.38169134,2
-0.34328353,-0.6864983,1
-0.31937492,-0.7084348,1
0.1776563,-0.066904426,3
0.04124713,0.8234749,3
-0.493863,0.67644334,1
0.2195841,-0.8612398,3
0.35318577,-0.68229365,2
-0.6924633,-0.77290857,2
-0.66292703,-0.13041508,2
-0.7288023,0.6517441,2
0.13285446,0.6130804,2
-0.5703255,0.33357382,2
-0.7967013,-0.8041501,2
0.5141498,-0.4336915,1
0.5481291,0.13600194,1
-0.278978,0.9726689,4
0.36994064,-0.43635345,2
-0.106984615,0.513078,1
0.46006966,-0.94504976,2
0.56023157,0.4561299,1
-0.9794589,-0.5117488,4
0.3168422,-0.4214592,2
0.6547071,-0.589393,1
0.9472972,-0.89570963,3
-0.49373198,-0.71614015,1
0.17864156,-0.003418684,3
0.66223824,0.92606056,3
-0.965891,-0.6831341,4
0.6495395,-0.37272418,1
-0.10981333,0.25353634,4
0.36797142,-0.14493918,2
0.6686357,0.046202064,3
0.3662846,-0.36290324,2
-0.41840863,0.9933082,4
-0.23384333,-0.014184117,4
0.72818804,-0.20905316,1
-0.8144858,-0.11235297,4
0.13272452,-0.97491086,3
0.05354047,0.09946513,3
0.81604004,-0.6996027,1
0.12182975,0.3648007,2
0.7835903,-0.53523886,1
-0.33231628,-0.32349956,1
0.7570182,-0.9354718,3
0.7959498,0.27122426,1
-0.28661597,0.582055,1
-0.15420806,-0.5489465,1
0.25149512,0.36198616,2
-0.2997111,-0.19853806,1
-0.81698906,0.27906704,2
-0.18699908,-0.4678992,1
-0.9664514,0.14808643,4
0.0710752,-0.4673221,2
0.10343444,0.29174638,3
-0.19522882,-0.7577157,1
0.92788255,-0.61287224,1
-0.044552922,0.914757,4
0.22229671,0.18448246,2
0.78624606,-0.43081582,1
-0.688573,-0.43190587,2
-0.2485795,-0.5061399,1
-0.4861653,-0.0010616779,4
0.952127,-0.8194802,3
0.6593677,-0.9099113,1
0.750576,0.9664172,3
-0.1878103,0.02178979,4
0.8738308,0.3238963,1
-0.9083202,-0.036397696,4
0.027760863,0.93593526,3
-0.75420845,0.5520468,2
-0.49361122,-0.38664317,1
0.13507378,-0.15400982,3
0.39906335,0.33288598,2
-0.38942897,-0.22285128,1
0.17575562,0.6991378,2
0.27658272,0.8142929,2
-0.89123964,-0.14166951,4
0.46233678,-0.09195793,2
-0.86210227,-0.8763329,4
0.30885446,0.47580552,2
-0.5921004,0.5248289,2
-0.58627117,0.5769626,2
-0.66576624,0.2859857,2
0.9535377,-0.9734374,3
-0.74837124,-0.60642886,2
-0.11126149,0.16766071,4
0.56370246,-0.6315868,1
0.7979771,-0.3098277,1
0.96933305,-0.055440426,3
-0.5821346,0.22632563,2
0.44993806,-0.6765809,2
-0.8082335,-0.3957976,2
0.95110404,-0.83293843,3
-0.55044305,-0.60752296,2
0.3027339,-0.42469883,2
0.42352998,-0.3314209,2
-0.8539933,0.420442,2
-0.3913442,-0.60738945,1
0.25618148,-0.03958571,3
0.23463476,-0.86976624,3
0.48207164,0.39087594,2
-0.6498406,0.55539834,2
0.9115708,-0.38866735,1
-0.4746344,-0.2495085,1
0.19488895,0.057333708,3
0.03667116,0.035761,3
0.12134576,0.9844694,3
0.9704174,-0.7135353,3
0.4911343,-0.5193813,2
0.61050487,0.47614455,1
-0.47889173,-0.9626814,4
0.18439293,0.7149793,2
0.97531104,0.44213116,3
0.23647809,0.18684971,2
-0.05013156,0.6806232,4
0.06431997,0.13732779,3
-0.16755486,-0.51557946,1
-0.44098842,0.09327674,1
-0.0055572987,0.062417626,4
0.98502994,0.6254064,3
0.8864231,0.7434801,3
0.547228,-0.32353294,1
-0.44789696,0.9850285,4
0.63456726,-0.59543645,1
-0.6568849,-0.8868711,2
-0.7056788,-0.07566512,4
0.5262846,0.8127618,1
-0.5493691,-0.28425264,2
0.27938116,-0.25528634,2
0.592548,-0.08549988,1
-0.44663715,0.59714496,1
0.855371,0.45931053,1
0.7535081,-0.33924103,1
-0.37723088,-0.9343506,4
-0.99578786,-0.1717695,4
-0.21530116,0.295092,1
0.78957975,-0.6509198,1
0.6775459,-0.67713404,1
0.41246295,-0.7853886,2
0.36959064,0.258165,2
0.42773747,0.6042651,2
-0.5206225,0.5833875,2
0.9520782,-0.79856265,3
0.050697207,0.14690149,3
-0.4657613,-0.40367568,1
0.36074185,0.52276254,2
0.6200701,-0.44513798,1
0.89389884,0.9497738,3
0.12967408,-0.8283044,3
0.34017932,0.64739776,2
-0.6241162,0.27299166,2
-0.57672787,0.3995769,2
-0.37933898,-0.2703178,1
0.95873976,-0.12200296,3
-0.35282302,0.3275479,1
-0.100735545,-0.62147975,1
-0.49022067,-0.3322054,1
-0.36631095,-0.7405852,1
0.33242834,0.29709542,2
0.6436994,-0.65509474,1
-0.089529276,0.3523544,1
-0.7585499,0.49595737,2
-0.28599143,-0.17817295,1
0.74956524,-0.78813076,1
-0.49192286,0.8461125,1
-0.34066856,0.92718637,4
0.5410527,0.9915415,3
-0.687634,0.18094265,2
-0.5148549,0.21252,2
0.07567656,0.28778672,3
0.94967735,0.2725848,3
-0.8188572,0.9179306,4
0.36857522,0.116687655,2
0.020639777,0.13608706,3
-0.1412164,0.38617253,1
0.15110171,-0.8441011,3
0.7581537,-0.34404862,1
0.27488065,-0.81067455,2
-0.9871024,-0.3303529,4
0.5061127,-0.68019485,1
0.46044898,-0.12163842,2
0.081038356,0.96977866,3
-0.060804367,-0.11613548,4
0.86817086,-0.91041386,3
-0.32098377,-0.7147045,1
0.41293418,0.14438128,2
0.74407136,0.17405033,1
0.4222418,0.9532757,3
0.6013012,-0.23520923,1
0.45001972,0.7314812,2
0.8952998,0.94809747,3
0.7587384,-0.25100756,1
-0.025408983,0.86508214,4
-0.14032531,0.951892,4
-0.08094072,0.8054284,4
0.81220615,-0.04559493,3
-0.92219114,-0.9067824,4
-0.9924699,-0.08258271,4
0.28677464,0.33117533,2
-0.32637823,-0.9454553,4
0.8729086,0.011522055,3
0.7960743,0.5785415,1
-0.32505143,0.56458104,1
0.4150393,-0.29639637,2
-0.9409294,0.30506146,4
-0.5256245,-0.6060089,2
-0.74815035,-0.7428421,2
-0.5108588,-0.40637815,2
0.25486124,0.7061584,2
-0.53316486,0.03839302,4
0.67813087,0.65528536,1
0.7525884,-0.04727018,3
0.5979661,0.68739486,1
-0.9635397,0.13026583,4
-0.89584565,0.4735675,2
0.7108817,-0.58211756,1
-0.32093883,0.17243195,1
-0.57177424,0.44110072,2
0.605001,0.96941197,3
0.19378483,-0.33821607,2
-0.084157825,0.16436505,4
0.030672431,-0.6626992,3
0.21484649,-0.41406846,2
-0.65582204,0.6009673,2
0.22518086,-0.8457749,2
0.048966765,-0.689736,3
-0.9944085,0.49941123,4
-0.4604529,0.2717613,1
-0.8341652,-0.55237496,2
-0.799775,-0.63408744,2
-0.49966967,-0.41077447,1
-0.3358637,-0.4668591,1
0.6010864,-0.864555,1
0.02198267,0.77348447,3
0.12045407,-0.15777206,3
-0.9888761,0.6402228,4
0.37014246,-0.6651648,2
0.5272701,0.21441996,1
-0.66412127,0.010277867,4
-0.9819956,-0.5705657,4
-0.5409218,0.53971016,2
0.14482987,-0.27430892,2
0.72109985,0.45871115,1
-0.97530556,-0.63385046,4
-0.27343822,0.44529903,1
0.15059412,0.9979383,3
-0.7845292,0.5751983,2
-0.70729756,0.027850628,4
0.3665501,0.449201,2
0.12661326,0.56729305,2
0.5443125,-0.14742172,1
-0.36496627,0.7306409,1
0.9795984,-0.8182044,3
0.37620962,0.23078251,2
-0.021842003,-0.18410575,4
0.18032825,-0.04580283,3
0.3763801,0.8817384,2
0.6792059,-0.38127494,1
-0.6093545,0.33299828,2
0.031059623,0.9800209,3
-0.94853413,0.20766997,4
0.28865504,-0.726455,2
0.9212707,-0.47026432,1
-0.12555194,-0.269894,1
-0.35763502,-0.834847,1
0.6505816,0.81294656,1
-0.54258347,-0.47514546,2
-0.033928394,0.17791367,4
-0.3717159,0.2282455,1
0.9708142,-0.20359325,3
0.62077904,0.5064329,1
-0.6700138,-0.099195,2
0.02501154,0.4480059,3
-0.54192436,0.76745737,2
-0.023488045,-0.70924807,4
-0.49450624,-0.6471492,1
0.896791,0.36561978,1
-0.15993047,0.6102482,1
0.77911806,-0.5638125,1
0.7195257,-0.7407973,1
-0.8670037,0.88572514,4
-0.4206171,-0.16260731,1
-0.2726878,0.22882903,1
-0.025063515,-0.8320255,4
0.12687922,0.9159068,3
-0.89139915,-0.28288114,4
0.9207928,-0.5868186,1
-0.78116727,0.6428497,2
0.7456075,0.54121923,1
0.35911,0.2512591,2
-0.50494695,-0.5895616,2
-0.5086132,0.8393967,2
0.29527068,0.77798784,2
-0.12435818,-0.06836891,4
